Trial
Voltage 7.62 925
Gains 2000.00 0.00 0.00
Goal 3.14
Frequency 1.00
0 8 0.00 0.50
0 8 0.00 1.00
0 8 0.00 1.00
0 8 0.00 1.00
0 8 0.00 1.00
0 8 0.00 1.00
0 8 0.00 1.00
0 8 0.00 1.00
0 8 0.00 1.00

Data
11521768 0 0 0 0 0 0 1

11526768 0 0 0 0 0 0 1

11531772 0 0 0 0 0 0 1

11536768 0 0 0 0 0 0 1

11541772 0 0 0 0 0 0 1

11546768 0 0 0 0 0 0 1

11551768 0 0 0 0 0 0 1

11556768 0 0 0 0 0 0 1

11561772 0 0 0 0 0 0 1

11566768 0 0 0 0 0 0 1

11571768 0 0 0 0 0 0 1

11576772 0 0 0 0 0 0 1

11581768 0 0 0 0 0 0 1

11586768 0 0 0 0 0 0 1

11591772 0 0 0 0 0 0 1

11596768 0 0 0 0 0 0 1

11601768 0 0 0 0 0 0 1

11606768 0 0 0 0 0 0 1

11611772 0 0 0 0 0 0 1

11616772 0 0 0 0 0 0 1

11621772 0 197 0 0 98 98 1

11626772 0 255 6 1285 197 98 1

11631768 2 255 21 3064 295 98 1

11636768 4 255 44 4558 393 98 1

11641772 7 255 73 5811 471 98 1

11646768 10 255 109 7185 569 98 1

11651768 14 255 151 8338 685 98 1

11656768 20 255 198 9467 781 98 1

11661772 25 255 250 10415 876 98 1

11666768 31 255 307 11371 970 98 1

11671772 37 255 368 12173 1064 98 1

11676772 44 255 433 13008 1156 98 1

11681772 52 255 501 13709 1229 98 1

11686772 59 255 574 14457 1319 98 1

11691768 67 255 649 15086 1426 98 1

11696768 75 255 727 15614 1513 98 1

11701768 84 255 808 16056 1599 98 1

11706768 92 255 890 16589 1683 98 1

11711772 102 255 976 17036 1765 98 1

11716772 111 255 1064 17572 1846 98 1

11721768 120 255 1153 17861 1925 98 1

11726772 130 255 1243 18104 1987 98 1

11731772 140 255 1336 18468 2062 98 1

11736768 150 255 1430 18774 2150 98 1

11741768 160 255 1525 19031 2221 98 1

11746768 170 255 1621 19247 2290 98 1

11751768 180 255 1718 19428 2356 98 1

11756772 190 255 1817 19741 2420 98 1

11761768 201 255 1916 19842 2482 98 1

11766772 212 255 2016 20088 2529 98 1

11771772 222 255 2118 20295 2587 98 1

11776772 233 255 2220 20469 2652 98 1

11781772 244 255 2323 20453 2704 98 1

11786772 255 255 2426 20601 2752 98 1

11791768 266 255 2529 20726 2799 98 1

11796768 277 255 2634 20991 2842 98 1

11801768 288 255 2739 20891 2883 98 1

11806768 300 152 2844 21130 2920 174 1

11811768 310 4 2947 20497 2949 176 1

11816768 321 -121 3042 19001 2981 116 1

11821768 331 -219 3126 16768 3016 116 1

11826772 340 -255 3195 13932 3042 116 1

11831768 347 -255 3252 11318 3065 116 1

11836768 352 -255 3296 8801 3085 116 1

11841768 356 -255 3328 6367 3102 116 1

11846768 360 -255 3349 4163 3116 116 1

11851768 361 -255 3359 2152 3127 116 1

11856768 362 -255 3361 303 3134 116 1

11861768 363 -255 3354 -1409 3139 116 1

11866768 364 -255 3338 -3168 3141 116 1

11871772 366 -255 3315 -4645 3140 116 1

11876768 370 -255 3284 -6045 3135 116 1

11881768 374 -241 3248 -7382 3127 116 1

11886772 378 -177 3205 -8573 3116 27 1

11891772 383 -115 3160 -8994 3102 -29 1

11896768 388 -49 3113 -9265 3089 -53 1

11901768 394 2 3069 -8901 3070 -53 1

11906768 398 30 3028 -8263 3042 -38 1

11911772 403 51 2991 -7383 3016 -12 1

11916772 406 58 2958 -6508 2987 16 1

11921768 410 50 2930 -5566 2955 41 1

11926768 412 29 2906 -4829 2920 56 1

11931768 414 -5 2885 -4185 2883 53 1

11936768 416 -48 2866 -3867 2842 29 1

11941772 418 -78 2846 -3881 2808 -8 1

11946772 420 -130 2827 -3927 2762 -73 1

11951772 422 -202 2804 -4466 2704 -73 1

11956772 424 -249 2777 -5549 2652 -73 1

11961772 427 -255 2744 -6604 2598 -73 1

11966768 431 -255 2704 -7851 2541 -73 1

11971772 435 -255 2660 -8897 2482 -73 1

11976768 440 -255 2609 -10097 2420 -73 1

11981772 446 -255 2555 -10943 2369 -73 1

11986768 452 -255 2495 -11976 2303 -73 1

11991772 459 -255 2431 -12681 2221 -73 1

11996768 466 -255 2364 -13434 2150 -73 1

12001768 474 -255 2294 -14066 2077 -73 1

12006772 481 -255 2220 -14758 2002 -73 1

12011768 489 -255 2143 -15338 1925 -73 1

12016768 498 -255 2064 -15825 1846 -73 1

12021768 506 -255 1982 -16395 1765 -73 1

12026772 515 -255 1898 -16873 1699 -73 1

12031772 524 -255 1812 -17274 1616 -73 1

12036768 534 -255 1724 -17611 1513 -73 1

12041768 543 -255 1633 -18055 1426 -73 1

12046768 553 -255 1541 -18428 1337 -73 1

12051776 563 -255 1447 -18740 1247 -73 1

12056772 573 -255 1352 -19003 1156 -73 1

12061772 583 -255 1256 -19223 1064 -73 1

12066768 593 -255 1159 -19407 989 -73 1

12071768 604 -255 1061 -19563 895 -73 1

12076772 614 -255 963 -19693 781 -73 1

12081768 624 -255 863 -19963 685 -73 1

12086768 635 -255 762 -20190 588 -73 1

12091768 646 -255 661 -20219 491 -73 1

12096768 656 -255 559 -20405 393 -73 1

12101768 667 -255 457 -20400 295 -73 1

12106772 678 -255 354 -20556 197 -73 1

12111772 688 -255 251 -20688 118 -73 1

12116772 700 -255 147 -20798 19 -73 1

12121772 710 -255 42 -20891 -98 -73 1

12126772 721 -255 -61 -20969 -197 -73 1

12131768 732 -255 -167 -21034 -295 -73 1

12136768 744 -242 -272 -21089 -393 -73 1

12141772 754 -227 -377 -21050 -491 -73 1

12146768 766 -213 -482 -20919 -588 -73 1

12151768 776 -160 -585 -20718 -666 -153 1

12156768 788 -150 -687 -20204 -762 -228 1

12161768 798 -182 -785 -19707 -876 -319 1

12166772 809 -176 -883 -19499 -970 -407 1

12171772 819 -171 -978 -19124 -1064 -493 1

12176768 830 -168 -1072 -18776 -1156 -577 1

12181768 840 -166 -1164 -18465 -1247 -659 1

12186772 850 -164 -1255 -18191 -1337 -741 1

12191772 860 -161 -1345 -17948 -1426 -822 1

12196768 869 -124 -1434 -17724 -1496 -884 1

12201768 879 -123 -1520 -17295 -1582 -945 1

12206772 888 -158 -1604 -16767 -1683 -1024 1

12211768 897 -157 -1687 -16553 -1765 -1103 1

12216772 906 -155 -1769 -16366 -1846 -1180 1

12221768 915 -151 -1850 -16197 -1925 -1256 1

12226772 924 -145 -1930 -16028 -2002 -1328 1

12231768 932 -138 -2008 -15687 -2077 -1397 1

12236772 941 -100 -2086 -15515 -2136 -1447 1

12241772 950 -93 -2161 -14962 -2207 -1493 1

12246768 958 -114 -2233 -14453 -2290 -1550 1

12251772 966 -105 -2304 -14162 -2356 -1602 1

12256768 974 -93 -2374 -14021 -2420 -1649 1

12261768 981 -80 -2442 -13662 -2482 -1688 1

12266772 989 -67 -2508 -13116 -2541 -1722 1

12271768 996 -55 -2571 -12572 -2598 -1749 1

12276768 1003 -44 -2630 -11877 -2652 -1771 1

12281768 1009 -13 -2687 -11382 -2694 -1778 1

12286768 1015 -6 -2740 -10604 -2743 -1781 1

12291768 1021 -19 -2789 -9905 -2799 -1790 1

12296772 1025 -13 -2836 -9242 -2842 -1797 1

12301776 1030 -8 -2879 -8647 -2883 -1801 1

12306772 1035 -4 -2919 -7953 -2920 -1803 1

12311768 1039 0 -2955 -7345 -2955 -1803 1

12316768 1042 4 -2989 -6809 -2987 -1801 1

12321768 1045 19 -3020 -6172 -3011 -1791 1

12326768 1049 21 -3048 -5539 -3037 -1781 1

12331768 1051 15 -3073 -4995 -3065 -1773 1

12336768 1053 19 -3095 -4416 -3085 -1764 1

12341768 1055 24 -3114 -3904 -3102 -1752 1

12346768 1057 31 -3132 -3442 -3116 -1736 1

12351768 1058 38 -3146 -2848 -3127 -1718 1

12356768 1059 45 -3157 -2303 -3135 -1695 1

12361768 1059 52 -3166 -1639 -3140 -1669 1

12366768 1059 60 -3171 -1036 -3141 -1639 1

12371768 1059 66 -3173 -478 -3140 -1606 1

12376772 1059 76 -3173 29 -3135 -1568 1

12381768 1060 85 -3170 681 -3127 -1525 1

12386768 1061 94 -3163 1287 -3116 -1478 1

12391768 1061 105 -3155 1693 -3102 -1426 1

12396768 1063 114 -3143 2428 -3085 -1369 1

12401768 1065 125 -3128 2943 -3065 -1306 1

12406768 1067 125 -3110 3608 -3047 -1244 1

12411768 1069 133 -3088 4327 -3022 -1177 1

12416772 1071 154 -3064 4821 -2987 -1100 1

12421768 1074 162 -3036 5534 -2955 -1019 1

12426772 1077 170 -3006 6185 -2920 -934 1

12431776 1081 176 -2971 6944 -2883 -846 1

12436768 1085 183 -2934 7459 -2842 -755 1

12441772 1089 187 -2892 8260 -2799 -661 1

12446768 1094 191 -2848 8797 -2752 -565 1

12451772 1099 175 -2801 9434 -2714 -478 1

12456772 1104 178 -2752 9865 -2663 -389 1

12461768 1109 204 -2700 10407 -2598 -389 1

12466768 1115 207 -2645 11032 -2541 -389 1

12471772 1121 210 -2587 11576 -2482 -389 1

12476768 1128 212 -2526 12052 -2420 -389 1

12481772 1134 216 -2464 12464 -2356 -389 1

12486768 1141 219 -2399 12998 -2290 -389 1

12491768 1148 194 -2332 13465 -2235 -292 1

12496768 1155 196 -2262 13855 -2164 -194 1

12501768 1163 201 -2192 14034 -2092 -194 1

12506772 1171 237 -2120 14379 -2002 -194 1

12511772 1179 243 -2047 14741 -1925 -194 1

12516772 1187 249 -1970 15246 -1846 -194 1

12521768 1195 252 -1891 15870 -1765 -194 1

12526768 1203 254 -1810 16252 -1683 -194 1

12531772 1212 255 -1726 16746 -1599 -194 1

12536768 1221 220 -1640 17168 -1530 -194 1

12541768 1231 221 -1554 17294 -1443 -194 1

12546768 1240 255 -1466 17567 -1337 -194 1

12551768 1249 255 -1377 17857 -1247 -194 1

12556768 1259 255 -1286 18100 -1156 -194 1

12561768 1269 255 -1194 18465 -1064 -194 1

12566772 1279 255 -1100 18772 -970 -194 1

12571768 1289 255 -1005 19029 -876 -194 1

12576776 1299 255 -909 19245 -781 -194 1

12581772 1309 213 -811 19587 -704 -194 1

12586772 1320 212 -713 19439 -608 -194 1

12591768 1330 250 -616 19470 -491 -194 1

12596768 1341 250 -518 19582 -393 -194 1

12601768 1351 249 -420 19677 -295 -194 1

12606772 1361 247 -320 19910 -197 -194 1

12611772 1372 243 -220 20094 -98 -194 1

12616768 1383 240 -119 20060 0 -194 1

12621768 1393 196 -19 20173 78 -96 1

12626768 1405 194 80 19982 177 0 1

12631772 1415 233 179 19646 295 0 1

12636768 1426 232 277 19781 393 0 1

12641768 1436 228 377 19887 491 0 1

12646768 1447 225 476 19789 588 0 1

12651768 1457 220 575 19848 685 0 1

12656772 1468 213 674 19865 781 0 1

12661772 1479 206 773 19672 876 0 1

12666768 1489 161 871 19626 952 81 1

12671768 1500 157 967 19133 1045 159 1

12676772 1510 190 1061 18854 1156 254 1

12681768 1520 186 1154 18674 1247 347 1

12686772 1530 181 1247 18496 1337 438 1

12691768 1540 175 1338 18315 1426 525 1

12696768 1550 168 1429 18124 1513 610 1

12701768 1560 160 1518 17918 1599 690 1

12706768 1569 120 1606 17531 1666 750 1

12711772 1579 116 1691 16946 1749 808 1

12716768 1588 145 1774 16590 1846 880 1

12721768 1597 141 1855 16158 1925 951 1

12726776 1606 134 1935 16091 2002 1018 1

12731768 1614 127 2013 15668 2077 1081 1

12736768 1623 121 2090 15267 2150 1142 1

12741768 1631 112 2165 15052 2221 1198 1

12746772 1639 103 2238 14652 2290 1249 1

12751768 1647 67 2310 14257 2343 1282 1

12756768 1655 61 2377 13530 2408 1313 1

12761772 1661 79 2442 13042 2482 1352 1

12766772 1669 73 2505 12428 2541 1389 1

12771772 1675 66 2565 12034 2598 1422 1

12776768 1681 58 2623 11658 2652 1451 1

12781768 1688 50 2679 11129 2704 1476 1

12786772 1693 41 2732 10633 2752 1496 1

12791768 1699 16 2782 9996 2790 1504 1

12796772 1704 11 2828 9299 2834 1510 1

12801768 1709 22 2872 8682 2883 1521 1

12806772 1713 15 2913 8235 2920 1528 1

12811772 1717 8 2951 7654 2955 1532 1

12816768 1721 1 2987 7120 2987 1533 1

12821772 1725 -5 3019 6465 3016 1530 1

12826768 1727 -12 3048 5876 3042 1524 1

12831768 1730 -19 3075 5337 3065 1514 1

12836768 1733 -35 3099 4838 3082 1497 1

12841772 1735 -42 3120 4154 3099 1476 1

12846768 1736 -41 3137 3373 3116 1455 1

12851772 1737 -47 3151 2725 3127 1432 1

12856768 1739 -53 3161 2141 3135 1405 1

12861772 1739 -60 3169 1612 3140 1375 1

12866768 1739 -66 3174 961 3141 1342 1

12871768 1739 -73 3176 376 3140 1306 1

12876772 1740 -77 3174 -321 3136 1267 1

12881768 1741 -82 3170 -933 3129 1226 1

12886768 1741 -94 3163 -1318 3116 1180 1

12891768 1743 -101 3153 -2041 3102 1129 1

12896772 1744 -110 3140 -2533 3085 1074 1

12901768 1746 -120 3125 -3005 3065 1014 1

12906768 1748 -130 3107 -3627 3042 949 1

12911772 1750 -138 3085 -4375 3016 880 1

12916768 1753 -145 3060 -5056 2987 808 1

12921768 1756 -141 3032 -5511 2962 737 1

12926768 1759 -148 3002 -6190 2928 663 1

12931768 1763 -171 2968 -6644 2883 578 1

12936768 1767 -179 2932 -7336 2842 488 1

12941768 1771 -186 2892 -7969 2799 395 1

12946768 1775 -191 2848 -8707 2752 299 1

12951772 1780 -197 2802 -9198 2704 201 1

12956772 1785 -201 2752 -9971 2652 201 1

12961772 1791 -182 2700 -10485 2609 110 1

12966768 1797 -185 2645 -10954 2553 17 1

12971772 1803 -213 2588 -11367 2482 17 1

12976768 1809 -217 2529 -11896 2420 17 1

12981768 1815 -220 2466 -12527 2356 17 1

12986768 1823 -224 2402 -12915 2290 17 1

12991772 1829 -227 2334 -13429 2221 17 1

12996768 1837 -228 2264 -14040 2150 17 1

13001772 1844 -230 2192 -14398 2077 17 1

13006768 1852 -201 2118 -14873 2017 17 1

13011768 1860 -204 2043 -15083 1941 17 1

13016772 1868 -240 1966 -15278 1846 17 1

13021772 1876 -245 1888 -15677 1765 17 1

13026772 1885 -249 1808 -16044 1683 17 1

13031768 1893 -252 1725 -16540 1599 17 1

13036768 1902 -254 1640 -16975 1513 17 1

13041768 1911 -255 1553 -17353 1426 17 1

13046772 1920 -220 1465 -17678 1355 17 1

13051772 1930 -220 1375 -17882 1265 17 1

13056768 1939 -255 1286 -17893 1156 17 1

13061772 1949 -255 1195 -18131 1064 17 1

13066768 1959 -255 1103 -18491 970 17 1

13071768 1969 -255 1009 -18793 876 17 1

13076772 1979 -255 914 -19047 781 17 1

13081772 1989 -255 817 -19260 685 17 1

13086768 1999 -255 720 -19439 588 17 1

13091768 2009 -222 621 -19750 510 17 1

13096768 2019 -221 523 -19635 413 17 1

13101768 2030 -255 425 -19693 295 17 1

13106768 2041 -255 326 -19802 197 17 1

13111768 2051 -255 226 -19893 98 17 1

13116772 2061 -252 126 -20132 0 17 1

13121768 2072 -246 24 -20312 -98 17 1

13126768 2083 -241 -76 -20263 -197 17 1

13131768 2093 -195 -178 -20350 -275 -79 1

13136772 2104 -190 -279 -20123 -374 -174 1

13141772 2115 -188 -377 -19739 -471 -268 1

13146768 2125 -226 -475 -19565 -588 -268 1

13151772 2135 -224 -573 -19505 -685 -268 1

13156768 2146 -220 -671 -19604 -781 -268 1

13161768 2156 -215 -768 -19499 -876 -268 1

13166768 2167 -210 -865 -19378 -970 -268 1

13171768 2177 -203 -962 -19405 -1064 -268 1

13176772 2187 -159 -1058 -19222 -1138 -347 1

13181768 2197 -154 -1152 -18780 -1229 -424 1

13186768 2207 -186 -1244 -18377 -1337 -517 1

13191772 2217 -181 -1335 -18248 -1426 -608 1

13196768 2227 -174 -1426 -18106 -1513 -695 1

13201772 2237 -166 -1516 -17942 -1599 -778 1

13206768 2247 -159 -1604 -17591 -1683 -857 1

13211768 2256 -149 -1691 -17412 -1765 -932 1

13216776 2265 -141 -1776 -17035 -1846 -1002 1

13221768 2275 -101 -1859 -16666 -1909 -1053 1

13226768 2284 -93 -1940 -16257 -1987 -1099 1

13231772 2293 -118 -2018 -15539 -2077 -1158 1

13236768 2301 -111 -2094 -15261 -2150 -1214 1

13241772 2309 -103 -2169 -14982 -2221 -1265 1

13246768 2317 -95 -2242 -14535 -2290 -1313 1

13251768 2325 -87 -2313 -14107 -2356 -1356 1

13256772 2333 -80 -2380 -13534 -2420 -1396 1

13261772 2341 -49 -2445 -13008 -2470 -1421 1

13266768 2348 -43 -2508 -12526 -2529 -1442 1

13271772 2355 -62 -2567 -11759 -2598 -1473 1

13276772 2361 -57 -2624 -11401 -2652 -1502 1

13281768 2367 -51 -2678 -10907 -2704 -1527 1

13286772 2373 -44 -2731 -10453 -2753 -1549 1

13291772 2379 -38 -2780 -9865 -2799 -1568 1

13296772 2384 -30 -2827 -9494 -2842 -1583 1

13301768 2389 -21 -2872 -8969 -2883 -1593 1

13306768 2393 3 -2915 -8470 -2913 -1592 1

13311768 2397 9 -2953 -7733 -2949 -1587 1

13316772 2401 2 -2989 -7076 -2987 -1586 1

13321768 2405 10 -3021 -6569 -3016 -1581 1

13326768 2408 17 -3051 -5931 -3042 -1572 1

13331768 2411 25 -3078 -5350 -3065 -1560 1

13336772 2413 31 -3101 -4649 -3085 -1544 1

13341772 2415 38 -3121 -4022 -3102 -1526 1

13346772 2417 49 -3138 -3449 -3114 -1501 1

13351772 2418 54 -3152 -2736 -3125 -1474 1

13356768 2419 55 -3163 -2105 -3135 -1446 1

13361768 2419 60 -3170 -1408 -3140 -1416 1

13366768 2419 65 -3174 -790 -3141 -1384 1

13371772 2419 71 -3175 -239 -3140 -1349 1

13376768 2419 77 -3174 262 -3135 -1310 1

13381768 2420 84 -3169 883 -3127 -1268 1

13386768 2421 91 -3162 1450 -3116 -1222 1

13391772 2423 93 -3152 1972 -3105 -1176 1

13396772 2424 102 -3140 2423 -3089 -1125 1

13401768 2425 119 -3125 3021 -3065 -1066 1

13406768 2427 128 -3107 3634 -3042 -1002 1

13411768 2429 138 -3086 4207 -3016 -932 1

13416772 2432 147 -3061 4915 -2987 -859 1

13421772 2435 156 -3033 5567 -2955 -781 1

13426768 2438 165 -3003 6012 -2920 -698 1

13431768 2441 157 -2969 6767 -2890 -620 1

13436768 2445 164 -2932 7348 -2850 -538 1

13441768 2449 189 -2893 7881 -2799 -443 1

13446772 2454 196 -2851 8492 -2752 -345 1

13451772 2459 202 -2805 9211 -2704 -345 1

13456768 2464 207 -2755 9854 -2652 -345 1

13461768 2469 209 -2702 10587 -2598 -345 1

13466772 2475 210 -2646 11215 -2541 -345 1

13471772 2481 211 -2588 11749 -2482 -345 1

13476768 2488 188 -2527 12204 -2433 -251 1

13481768 2495 191 -2464 12435 -2369 -156 1

13486768 2501 220 -2399 12971 -2290 -156 1

13491768 2509 224 -2333 13288 -2221 -156 1

13496768 2516 227 -2264 13903 -2150 -156 1

13501768 2523 230 -2192 14276 -2077 -156 1

13506772 2531 232 -2118 14771 -2002 -156 1

13511768 2539 235 -2042 15199 -1925 -156 1

13516772 2547 205 -1964 15578 -1862 -156 1

13521772 2556 207 -1885 15861 -1782 -156 1

13526768 2564 245 -1805 15951 -1683 -156 1

13531772 2573 249 -1723 16435 -1599 -156 1

13536780 2581 252 -1639 16868 -1513 -156 1

13541768 2591 255 -1553 17089 -1426 -156 1

13546772 2600 255 -1465 17617 -1337 -156 1

13551772 2609 255 -1376 17899 -1247 -156 1

13556768 2619 255 -1284 18297 -1156 -156 1

13561772 2629 219 -1192 18469 -1082 -156 1

13566768 2639 220 -1099 18540 -989 -156 1

13571772 2649 255 -1006 18606 -876 -156 1

13576768 2659 255 -912 18890 -781 -156 1

13581772 2669 255 -816 19128 -685 -156 1

13586772 2679 255 -719 19489 -588 -156 1

13591768 2689 255 -620 19631 -491 -156 1

13596772 2700 255 -521 19912 -393 -156 1

13601768 2711 212 -421 19986 -315 -156 1

13606768 2721 210 -321 19928 -216 -156 1

13611768 2732 248 -222 19867 -98 -156 1

13616768 2743 246 -122 19903 0 -156 1

13621772 2753 243 -22 20080 98 -156 1

13626772 2764 238 78 20210 197 -156 1

13631768 2775 233 179 20125 295 -156 1

13636772 2785 227 280 20183 393 -156 1

13641772 2797 221 380 20191 491 -156 1

13646768 2807 175 481 20160 569 -69 1

13651776 2818 170 580 19833 666 16 1

13656772 2829 207 677 19365 781 16 1

13661768 2839 205 773 19214 876 16 1

13666768 2849 202 870 19235 970 16 1

13671768 2860 198 965 19072 1064 114 1

13676772 2870 192 1060 19070 1156 210 1

13681772 2880 185 1155 18868 1247 303 1

13686768 2890 143 1248 18653 1319 374 1

13691768 2900 139 1339 18199 1408 443 1

13696768 2910 170 1428 17791 1513 529 1

13701768 2920 167 1515 17490 1599 612 1

13706768 2929 161 1602 17380 1683 693 1

13711772 2939 155 1688 17086 1765 770 1

13716772 2948 147 1772 16962 1846 844 1

13721772 2957 140 1855 16483 1925 914 1

13726768 2966 131 1937 16358 2002 980 1

13731768 2975 92 2016 15872 2062 1026 1

13736768 2983 86 2093 15371 2136 1069 1

13741768 2991 109 2167 14750 2221 1123 1

13746772 2999 102 2238 14379 2290 1174 1

13751772 3007 95 2309 14022 2356 1222 1

13756768 3015 88 2376 13515 2420 1266 1

13761772 3022 79 2442 13206 2482 1305 1

13766772 3029 71 2506 12726 2541 1341 1

13771768 3035 61 2567 12271 2598 1371 1

13776768 3042 32 2626 11663 2641 1387 1

13781768 3048 26 2680 10964 2694 1400 1

13786768 3054 41 2732 10337 2753 1421 1

13791768 3059 34 2782 9910 2799 1438 1

13796768 3064 28 2828 9344 2842 1452 2

13801772 3069 21 2872 8830 2883 1462 1

13806768 3073 14 2913 8192 2920 1469 1

13811772 3078 8 2951 7611 2955 1473 1

13816772 3081 -11 2987 7084 2981 1467 1

13821768 3085 -17 3019 6518 3011 1459 1

13826768 3088 -11 3048 5681 3042 1453 1

13831772 3091 -17 3074 5180 3065 1445 1

13836768 3093 -24 3097 4719 3085 1433 1

13841772 3095 -31 3118 4126 3102 1417 1

13846772 3096 -38 3135 3422 3116 1398 1

13851768 3097 -44 3149 2785 3127 1376 1

13856776 3099 -50 3160 2211 3135 1351 1

13861772 3099 -59 3169 1690 3139 1322 1

13866772 3099 -65 3174 1034 3141 1289 1

13871768 3099 -73 3176 443 3140 1252 1

13876768 3100 -81 3175 -103 3135 1212 1

13881772 3101 -89 3172 -776 3127 1167 1

13886768 3101 -97 3165 -1393 3116 1119 1

13891772 3103 -103 3154 -2124 3102 1068 1

13896768 3104 -111 3141 -2616 3085 1012 1

13901768 3106 -112 3125 -3081 3070 956 1

13906768 3108 -120 3107 -3638 3047 896 1

13911768 3110 -139 3086 -4320 3016 827 1

13916768 3113 -147 3061 -5016 2987 754 1

13921772 3116 -156 3033 -5491 2955 676 1

13926768 3119 -163 3002 -6270 2920 595 1

13931768 3123 -170 2968 -6809 2883 510 1

13936768 3127 -177 2930 -7468 2842 421 1

13941772 3131 -183 2890 -8067 2799 330 1

13946772 3135 -169 2846 -8770 2762 246 1

13951772 3141 -173 2800 -9268 2714 159 1

13956768 3146 -199 2751 -9712 2652 60 1

13961772 3151 -204 2700 -10255 2598 60 1

13966768 3157 -209 2646 -10904 2541 60 1

13971768 3163 -213 2588 -11482 2482 60 1

13976768 3169 -216 2528 -11992 2420 60 1

13981768 3176 -218 2465 -12602 2356 60 1

13986768 3183 -193 2399 -13126 2303 -35 1

13991768 3190 -195 2332 -13403 2235 -133 1

13996768 3197 -228 2264 -13648 2150 -133 1

14001768 3205 -234 2194 -14070 2077 -133 1

14006768 3212 -237 2121 -14624 2002 -133 1

14011768 3220 -240 2045 -15108 1925 -133 1

14016768 3228 -243 1968 -15534 1846 -133 1

14021772 3237 -245 1888 -15911 1765 -133 1

14026768 3245 -246 1806 -16402 1683 -133 1

14031768 3254 -212 1722 -16820 1616 -133 1

14036772 3263 -214 1637 -16950 1530 -133 1

14041768 3272 -252 1552 -17071 1426 -133 1

14046772 3281 -255 1465 -17421 1337 -133 1

14051768 3291 -255 1376 -17734 1247 -133 1

14056768 3300 -255 1285 -18158 1156 -133 1

14061768 3309 -255 1193 -18353 1064 -133 1

14066772 3319 -255 1100 -18678 970 -133 1

14071768 3329 -221 1005 -18950 895 -133 1

14076772 3339 -221 910 -18957 800 -133 1

14081772 3349 -255 816 -18963 685 -133 1

14086768 3359 -255 720 -19189 588 -133 1

14091772 3370 -255 622 -19540 491 -133 1

14096768 3380 -255 524 -19674 393 -133 1

14101768 3391 -255 425 -19786 295 -133 1

14106772 3401 -255 325 -19881 197 -133 1

14111768 3411 -253 225 -20121 98 -133 1

14116768 3422 -208 123 -20309 19 -133 1

14121772 3433 -205 23 -20013 -78 -133 1

14126768 3443 -243 -75 -19905 -197 -133 1

14131768 3454 -239 -176 -20063 -295 -133 1

14136768 3465 -235 -276 -20008 -393 -133 1

14141772 3475 -229 -376 -20098 -491 -133 1

14146772 3486 -224 -476 -19972 -588 -133 1

14151768 3496 -217 -576 -19995 -685 -133 1

14156768 3507 -173 -675 -19808 -762 -219 1

14161768 3517 -168 -773 -19525 -857 -304 1

14166768 3528 -204 -868 -19093 -970 -304 1

14171768 3538 -200 -964 -19127 -1064 -403 1

14176768 3548 -194 -1059 -18968 -1156 -501 1

14181772 3558 -189 -1153 -18796 -1247 -595 1

14186768 3568 -183 -1246 -18619 -1337 -686 1

14191768 3578 -176 -1338 -18431 -1426 -774 1

14196772 3588 -168 -1429 -18227 -1513 -858 1

14201768 3598 -125 -1519 -18005 -1582 -920 1

14206768 3607 -120 -1606 -17376 -1666 -980 1

14211772 3617 -150 -1690 -16816 -1765 -1056 1

14216768 3626 -145 -1774 -16702 -1846 -1128 1

14221772 3635 -139 -1856 -16413 -1925 -1197 1

14226772 3644 -131 -1936 -16132 -2002 -1263 1

14231772 3653 -125 -2015 -15682 -2077 -1325 1

14236768 3661 -116 -2092 -15427 -2150 -1383 1

14241768 3669 -80 -2167 -14992 -2207 -1424 1

14246768 3677 -74 -2239 -14393 -2276 -1461 1

14251768 3685 -96 -2308 -13851 -2356 -1509 1

14256772 3693 -89 -2376 -13540 -2420 -1553 1

14261768 3700 -81 -2441 -13072 -2482 -1594 1

14266768 3707 -74 -2504 -12627 -2541 -1630 1

14271772 3714 -65 -2565 -12207 -2598 -1663 1

14276768 3721 -57 -2624 -11636 -2652 -1691 1

14281772 3727 -47 -2680 -11265 -2704 -1715 1

14286768 3733 -19 -2733 -10727 -2743 -1725 1

14291768 3738 -13 -2783 -9932 -2790 -1731 1

14296768 3743 -24 -2830 -9387 -2842 -1743 1

14301768 3749 -17 -2874 -8840 -2883 -1752 1

14306772 3753 -11 -2915 -8174 -2920 -1757 1

14311768 3757 -3 -2954 -7738 -2955 -1758 1

14316768 3761 5 -2990 -7158 -2987 -1756 1

14321768 3765 11 -3022 -6458 -3016 -1750 1

14326768 3767 27 -3051 -5831 -3037 -1737 1

14331772 3770 32 -3077 -5201 -3061 -1721 1

14336768 3773 28 -3100 -4478 -3085 -1707 1

14341768 3775 33 -3119 -3898 -3102 -1690 1

14346768 3776 39 -3136 -3378 -3116 -1671 1

14351768 3777 45 -3150 -2742 -3127 -1648 1

14356768 3778 51 -3160 -2168 -3135 -1623 1

14361768 3779 58 -3169 -1648 -3140 -1593 1

14366768 3779 65 -3174 -1005 -3141 -1561 1

14371772 3779 71 -3176 -419 -3140 -1525 1

14376768 3780 77 -3174 272 -3136 -1487 1

14381772 3781 86 -3170 892 -3127 -1444 1

14386768 3781 94 -3163 1309 -3116 -1397 1

14391768 3782 103 -3154 1873 -3102 -1345 1

14396768 3784 113 -3142 2405 -3085 -1289 1

14401768 3785 122 -3127 3078 -3065 -1227 1

14406768 3787 131 -3108 3701 -3042 -1162 1

14411772 3789 141 -3087 4283 -3016 -1091 1

14416768 3792 137 -3062 4998 -2993 -1023 1

14421772 3795 144 -3034 5572 -2962 -951 1

14426768 3798 166 -3003 6099 -2920 -868 1

14431768 3801 174 -2970 6685 -2883 -781 1

14436772 3805 182 -2933 7390 -2842 -690 1

14441768 3810 188 -2893 8034 -2799 -596 1

14446768 3814 193 -2849 8775 -2752 -499 1

14451768 3819 196 -2802 9429 -2704 -401 1

14456772 3825 178 -2752 9997 -2663 -312 1

14461768 3830 182 -2700 10357 -2609 -221 1

14466768 3836 209 -2646 10846 -2541 -221 1

14471772 3842 214 -2589 11433 -2482 -221 1

14476768 3848 217 -2529 11958 -2420 -221 1

14481768 3855 220 -2466 12579 -2356 -221 1

14486768 3861 221 -2400 13120 -2290 -221 1

14491768 3869 225 -2333 13420 -2221 -221 1

14496776 3876 226 -2263 14019 -2150 -221 1

14501772 3883 197 -2190 14529 -2092 -122 1

14506768 3891 200 -2117 14607 -2017 -122 1

14511768 3899 236 -2043 14852 -1925 -122 1

14516772 3907 241 -1967 15294 -1846 -122 1

14521772 3915 244 -1887 15857 -1765 -122 1

14526772 3924 247 -1806 16189 -1683 -122 1

14531768 3933 249 -1723 16648 -1599 -122 1

14536768 3942 250 -1638 17047 -1513 -122 1

14541768 3951 215 -1551 17388 -1443 -122 1

14546768 3961 218 -1464 17445 -1355 -122 1

14551768 3970 255 -1375 17674 -1247 -122 1

14556772 3979 255 -1286 17947 -1156 -122 1

14561772 3989 255 -1195 18176 -1064 -122 1

14566768 3999 255 -1102 18529 -970 -122 1

14571768 4009 255 -1008 18825 -876 -122 1

14576772 4019 255 -913 19074 -781 -122 1

14581772 4029 255 -815 19444 -685 -122 1

14586768 4039 220 -717 19593 -608 -122 1

14591768 4050 218 -619 19651 -510 -122 1

14596772 4061 255 -522 19525 -393 -122 1

14601772 4071 255 -423 19662 -295 -122 1

14606768 4082 254 -324 19937 -197 -122 1

14611768 4092 249 -223 20161 -98 -122 1

14616768 4103 245 -122 20156 0 -122 1

14621768 4114 240 -21 20287 98 -122 1

14626768 4125 194 80 20364 177 -25 1

14631768 4135 189 181 20128 276 68 1

14636772 4146 226 280 19898 393 68 1

14641768 4157 223 379 19785 491 68 1

14646772 4167 219 478 19832 588 68 1

14651768 4178 214 578 19845 685 68 1

14656772 4189 210 676 19662 781 68 1

14661772 4199 203 774 19644 876 68 1

14666768 4210 196 872 19583 970 166 1

14671772 4220 153 969 19325 1045 243 1

14676768 4231 149 1063 18827 1138 317 1

14681768 4241 185 1155 18384 1247 410 1

14686768 4251 182 1246 18247 1337 501 1

14691772 4261 178 1337 18112 1426 590 1

14696768 4270 173 1427 17973 1513 676 1

14701768 4280 166 1516 17824 1599 759 1

14706768 4289 160 1603 17492 1683 839 1

14711768 4299 118 1690 17335 1749 898 1

14716772 4308 113 1774 16768 1830 955 1

14721772 4317 140 1855 16260 1925 1025 1

14726772 4326 134 1935 16009 2002 1092 1

14731772 4335 128 2013 15599 2077 1156 1

14736772 4343 120 2090 15377 2150 1216 1

14741768 4351 111 2166 15138 2221 1272 1

14746768 4360 101 2239 14717 2290 1322 1

14751772 4367 91 2311 14299 2356 1368 1

14756768 4375 57 2379 13722 2408 1396 1

14761768 4383 51 2444 13016 2470 1421 1

14766768 4389 68 2507 12545 2541 1455 1

14771772 4396 62 2567 11939 2598 1487 1

14776768 4403 57 2624 11391 2652 1515 1

14781772 4409 49 2679 11059 2704 1540 1

14786772 4414 43 2731 10407 2753 1561 1

14791768 4420 35 2781 9981 2799 1579 1

14796772 4425 11 2828 9410 2834 1584 1

14801772 4430 6 2872 8775 2875 1587 1

14806768 4434 15 2913 8209 2920 1595 1

14811772 4438 9 2951 7632 2955 1599 1

14816768 4442 3 2986 6947 2987 1601 1

14821768 4445 -4 3018 6494 3016 1599 1

14826772 4449 -11 3048 5907 3042 1593 1

14831768 4451 -18 3075 5369 3065 1584 1

14836768 4454 -26 3098 4711 3085 1571 1

14841768 4456 -39 3119 4106 3099 1552 1

14846768 4457 -45 3136 3514 3114 1529 1

14851772 4459 -48 3151 2977 3127 1505 1

14856772 4459 -55 3162 2185 3135 1478 1

14861768 4460 -62 3170 1636 3140 1447 1

14866768 4460 -68 3175 969 3141 1413 1

14871772 4460 -75 3177 369 3140 1376 1

14876768 4461 -81 3175 -340 3135 1335 1

14881772 4461 -85 3171 -814 3129 1293 1

14886768 4462 -91 3164 -1398 3119 1247 1

14891768 4463 -104 3155 -1928 3102 1195 1

14896768 4465 -112 3142 -2619 3085 1139 1

14901768 4467 -120 3125 -3251 3065 1079 1

14906768 4469 -127 3106 -3834 3042 1016 1

14911772 4471 -136 3084 -4368 3016 948 1

14916768 4474 -145 3060 -4875 2987 875 1

14921772 4477 -152 3031 -5682 2955 799 1

14926768 4480 -147 3001 -6083 2928 726 1

14931768 4483 -154 2967 -6708 2890 649 1

14936772 4487 -178 2931 -7279 2842 560 1

14941772 4491 -186 2892 -7915 2799 467 1

14946768 4496 -193 2849 -8500 2752 370 1

14951772 4501 -199 2803 -9199 2704 271 1

14956772 4506 -204 2754 -9824 2652 271 1

14961768 4512 -207 2701 -10542 2598 271 1

14966768 4517 -185 2645 -11165 2553 178 1

14971768 4524 -187 2588 -11544 2494 85 1

14976768 4531 -215 2527 -12036 2420 85 1

14981768 4538 -216 2464 -12632 2356 85 1

14986772 4544 -218 2399 -13138 2290 85 1

14991768 4551 -221 2332 -13415 2221 85 1

14996768 4558 -223 2262 -13989 2150 85 1

15001772 4566 -226 2190 -14323 2077 85 1

15006768 4574 -228 2116 -14784 2002 85 1

15011768 4582 -199 2040 -15184 1941 -14 1

15016768 4590 -203 1963 -15331 1862 -14 1

15021768 4598 -241 1886 -15479 1765 -14 1

15026768 4606 -248 1807 -15852 1683 -14 1

15031768 4615 -252 1725 -16372 1599 -14 1

15036772 4623 -255 1642 -16673 1513 -14 1

15041768 4632 -255 1556 -17107 1426 -14 1

15046768 4642 -255 1469 -17471 1337 -14 1

15051768 4651 -255 1379 -17937 1247 -14 1

15056768 4660 -228 1288 -18167 1174 -14 1

15061768 4670 -228 1196 -18346 1082 -14 1

15066768 4680 -255 1105 -18334 970 -14 1

15071768 4690 -255 1011 -18662 876 -14 1

15076772 4700 -255 917 -18937 781 -14 1

15081768 4710 -255 821 -19167 685 -14 1

15086768 4720 -255 724 -19361 588 -14 1

15091772 4730 -255 626 -19524 491 -14 1

15096772 4740 -229 527 -19821 413 -14 1

15101768 4751 -228 429 -19740 315 -14 1

15106768 4761 -255 330 -19827 197 -14 1

15111772 4772 -255 230 -19914 98 -14 1

15116772 4782 -255 130 -19988 0 -14 1

15121772 4792 -255 29 -20211 -98 -14 1

15126772 4803 -249 -72 -20398 -197 -14 1

15131772 4814 -243 -174 -20355 -295 -14 1

15136772 4824 -234 -276 -20440 -393 -14 1

15141772 4835 -186 -378 -20453 -471 -107 1

15146772 4846 -181 -478 -19990 -569 -198 1

15151768 4856 -216 -577 -19730 -685 -198 1

15156772 4867 -210 -676 -19740 -781 -198 1

15161768 4878 -205 -773 -19548 -876 -198 1

15166772 4888 -200 -870 -19354 -970 -198 1

15171772 4898 -194 -967 -19320 -1064 -295 1

15176772 4908 -188 -1062 -19091 -1156 -388 1

15181772 4919 -145 -1156 -18860 -1229 -461 1

15186768 4929 -140 -1249 -18546 -1319 -531 1

15191768 4939 -172 -1340 -18089 -1426 -617 1

15196768 4948 -169 -1428 -17754 -1513 -702 1

15201768 4958 -164 -1517 -17614 -1599 -784 1

15206768 4968 -160 -1603 -17302 -1683 -864 1

15211768 4977 -153 -1689 -17176 -1765 -940 1

15216768 4986 -146 -1773 -16863 -1846 -1013 1

15221768 4995 -138 -1856 -16555 -1925 -1082 1

15226772 5004 -99 -1937 -16244 -1987 -1132 1

15231768 5013 -93 -2016 -15729 -2062 -1178 1

15236768 5022 -117 -2091 -15096 -2150 -1237 1

15241768 5030 -112 -2165 -14721 -2221 -1293 1

15246772 5038 -106 -2237 -14374 -2290 -1345 1

15251772 5046 -98 -2307 -14044 -2356 -1394 1

15256772 5053 -89 -2376 -13715 -2420 -1439 1

15261772 5060 -79 -2443 -13380 -2482 -1478 1

15266768 5068 -45 -2507 -12872 -2529 -1501 1

15271772 5074 -37 -2568 -12224 -2587 -1519 1

15276772 5081 -53 -2625 -11467 -2652 -1546 1

15281768 5087 -47 -2680 -10936 -2704 -1570 1

15286768 5093 -40 -2732 -10451 -2753 -1590 1

15291768 5098 -33 -2782 -9999 -2799 -1606 1

15296768 5104 -25 -2829 -9412 -2842 -1619 1

15301772 5109 -18 -2874 -8868 -2883 -1628 1

15306768 5114 -10 -2916 -8365 -2920 -1633 1

15311768 5118 11 -2954 -7730 -2949 -1627 1

15316768 5122 17 -2989 -7060 -2981 -1619 1

15321772 5125 9 -3021 -6298 -3016 -1614 1

15326768 5128 16 -3050 -5871 -3042 -1607 1

15331768 5130 21 -3076 -5145 -3065 -1596 1

15336772 5133 26 -3099 -4503 -3085 -1583 1

15341772 5135 32 -3118 -3932 -3102 -1567 1

15346768 5136 38 -3135 -3413 -3116 -1548 1

15351768 5138 50 -3150 -2938 -3125 -1523 1

15356768 5138 54 -3161 -2140 -3134 -1496 1

15361772 5139 58 -3169 -1604 -3140 -1467 1

15366768 5139 65 -3174 -968 -3141 -1434 1

15371768 5139 72 -3176 -388 -3140 -1398 1

15376768 5140 78 -3174 304 -3135 -1359 1

15381768 5140 86 -3170 764 -3127 -1316 1

15386768 5142 94 -3163 1363 -3116 -1269 1

15391768 5142 103 -3154 1919 -3102 -1218 1

15396768 5144 103 -3141 2604 -3089 -1166 1

15401768 5146 110 -3125 3180 -3070 -1111 1

15406772 5148 128 -3106 3709 -3042 -1047 1

15411772 5150 137 -3085 4270 -3016 -979 1

15416768 5152 147 -3061 4799 -2987 -905 1

15421768 5155 156 -3034 5470 -2955 -827 1

15426772 5158 165 -3003 6092 -2920 -744 1

15431772 5162 172 -2969 6834 -2883 -658 1

15436772 5166 164 -2932 7341 -2850 -576 1

15441768 5170 169 -2892 8036 -2808 -492 1

15446768 5174 194 -2850 8491 -2752 -395 1

15451772 5179 202 -2804 9037 -2704 -395 1

15456768 5184 206 -2755 9869 -2652 -395 1

15461768 5190 210 -2703 10432 -2598 -395 1

15466768 5196 213 -2647 11092 -2541 -395 1

15471768 5202 215 -2589 11665 -2482 -395 1

15476772 5208 216 -2528 12159 -2420 -395 1

15481768 5215 191 -2465 12742 -2369 -299 1

15486768 5222 192 -2399 13067 -2303 -203 1

15491768 5229 223 -2333 13347 -2221 -203 1

15496772 5236 227 -2264 13784 -2150 -203 1

15501768 5244 230 -2192 14338 -2077 -203 1

15506768 5252 233 -2119 14662 -2002 -203 1

15511768 5260 236 -2043 15114 -1925 -203 1

15516772 5268 239 -1965 15513 -1846 -203 1

15521772 5276 207 -1885 16029 -1782 -203 1

15526772 5285 209 -1804 16253 -1699 -203 1

15531772 5293 248 -1723 16293 -1599 -203 1

15536768 5302 252 -1639 16742 -1513 -203 1

15541768 5311 255 -1553 17144 -1426 -203 1

15546768 5320 255 -1466 17502 -1337 -203 1

15551772 5330 255 -1377 17802 -1247 -203 1

15556772 5339 255 -1286 18216 -1156 -203 1

15561772 5349 255 -1193 18562 -1064 -203 1

15566772 5359 219 -1098 18853 -989 -203 1

15571768 5369 218 -1004 18862 -895 -203 1

15576768 5379 255 -910 18864 -781 -203 1

15581768 5390 255 -814 19106 -685 -203 1

15586768 5400 255 -718 19310 -588 -203 1

15591772 5410 255 -620 19481 -491 -203 1

15596768 5420 255 -521 19785 -393 -203 1

15601772 5431 252 -421 20040 -295 -203 1

15606772 5442 209 -321 20074 -216 -203 1

15611772 5452 206 -221 19983 -118 -203 1

15616768 5463 244 -121 19887 0 -203 1

15621768 5474 242 -22 19893 98 -203 1

15626768 5485 239 77 20047 197 -203 1

15631768 5496 234 178 20156 295 -203 1

15636768 5506 228 279 20214 393 -203 1

15641768 5517 221 380 20225 491 -203 1

15646768 5528 216 480 20027 588 -203 1

15651768 5538 170 580 19989 666 -118 1

15656772 5549 166 679 19657 762 -35 1

15661768 5560 203 775 19191 876 -35 1

15666768 5570 199 871 19203 970 64 1

15671768 5580 196 966 19025 1064 162 1

15676768 5591 190 1061 19018 1156 257 1

15681768 5601 185 1155 18812 1247 350 1

15686772 5611 178 1248 18606 1337 439 1

15691768 5621 137 1340 18387 1408 507 1

15696772 5631 132 1430 17936 1496 573 1

15701772 5640 131 1516 17364 1582 639 1

15706772 5650 164 1601 16878 1683 721 1

15711772 5659 161 1685 16846 1765 801 1

15716768 5668 156 1768 16638 1846 879 1

15721768 5677 149 1850 16431 1925 954 1

15726768 5686 141 1931 16212 2002 1024 1

15731768 5695 132 2011 15976 2077 1090 1

15736768 5703 93 2089 15558 2136 1137 1

15741768 5712 86 2164 14952 2207 1180 1

15746772 5720 106 2237 14560 2290 1233 1

15751772 5728 98 2307 14039 2356 1282 1

15756768 5735 90 2375 13710 2420 1327 1

15761768 5742 79 2442 13382 2482 1367 1

15766768 5750 69 2507 12874 2541 1401 1

15771772 5756 59 2569 12383 2598 1430 1

15776776 5763 50 2627 11744 2652 1455 1

15781768 5769 21 2683 11149 2694 1466 1

15786768 5775 15 2735 10460 2743 1473 1

15791768 5780 28 2785 9843 2799 1487 1

15796768 5786 23 2831 9249 2842 1499 1

15801768 5790 17 2874 8718 2883 1507 1

15806772 5795 11 2915 8072 2920 1513 1

15811772 5799 6 2952 7490 2955 1516 1

15816768 5802 1 2987 6970 2987 1516 1

15821772 5806 -16 3019 6339 3011 1508 1

15826772 5809 -20 3047 5699 3037 1498 1

15831768 5812 -15 3073 5136 3065 1491 1

15836768 5814 -22 3096 4695 3085 1480 1

15841768 5816 -28 3116 3958 3102 1466 1

15846768 5817 -34 3134 3461 3116 1449 1

15851772 5818 -41 3148 2844 3127 1428 1

15856772 5819 -48 3159 2280 3135 1404 1

15861772 5820 -57 3168 1762 3140 1376 1

15866768 5820 -65 3173 1106 3141 1343 1

15871768 5820 -72 3176 504 3140 1307 1

15876768 5821 -80 3175 -207 3135 1267 1

15881772 5822 -87 3171 -856 3127 1224 1

15886768 5822 -96 3164 -1286 3116 1176 1

15891768 5824 -103 3154 -2028 3102 1124 1

15896768 5825 -112 3141 -2535 3085 1068 1

15901768 5827 -122 3126 -3019 3065 1007 1

15906768 5829 -122 3108 -3652 3047 946 1

15911768 5831 -129 3086 -4344 3022 882 1

15916768 5834 -150 3062 -4810 2987 807 1

15921768 5836 -159 3035 -5499 2955 727 1

15926772 5840 -167 3004 -6135 2920 644 1

15931768 5843 -174 2970 -6883 2883 557 1

15936772 5847 -180 2932 -7556 2842 467 1

15941768 5852 -185 2891 -8161 2799 375 1

15946768 5856 -189 2847 -8861 2752 280 1

15951768 5861 -173 2800 -9314 2714 194 1

15956768 5866 -176 2751 -9912 2663 106 1

15961768 5872 -203 2699 -10273 2598 106 1

15966768 5878 -207 2645 -10913 2541 106 1

15971772 5884 -211 2587 -11476 2482 106 1

15976768 5890 -215 2527 -11974 2420 106 1

15981768 5896 -217 2465 -12580 2356 106 1

15986768 5903 -221 2400 -12940 2290 106 1

15991768 5910 -194 2332 -13591 2235 9 1

15996772 5918 -197 2263 -13800 2164 -89 1

16001772 5925 -232 2193 -13994 2077 -89 1

16006768 5933 -236 2120 -14547 2002 -89 1

16011768 5940 -240 2045 -15037 1925 -89 1

16016768 5949 -243 1968 -15475 1846 -89 1

16021768 5957 -246 1888 -15862 1765 -89 1

16026772 5966 -249 1807 -16206 1683 -89 1

16031772 5974 -250 1724 -16675 1599 -89 1

16036772 5983 -217 1639 -17076 1530 -89 1

16041768 5992 -218 1553 -17197 1443 -89 1

16046768 6001 -255 1466 -17305 1337 -89 1

16051768 6011 -255 1377 -17798 1247 -89 1

16056768 6020 -255 1287 -18050 1156 -89 1

16061768 6030 -255 1195 -18263 1064 -89 1

16066768 6040 -255 1102 -18602 970 -89 1

16071772 6050 -255 1008 -18886 876 -89 1

16076772 6060 -225 912 -19125 800 -89 1

16081772 6070 -225 817 -19130 704 -89 1

16086768 6080 -255 721 -19134 588 -89 1

16091768 6090 -255 624 -19333 491 -89 1

16096772 6100 -255 526 -19661 393 -89 1

16101772 6110 -255 427 -19775 295 -89 1

16106768 6121 -255 328 -19871 197 -89 1

16111768 6131 -255 227 -20113 98 -89 1

16116768 6142 -254 127 -20155 0 -89 1

16121772 6152 -208 25 -20344 -78 -89 1

16126768 6163 -204 -75 -20203 -177 -89 1

16131768 6174 -241 -175 -19898 -295 -89 1

16136772 6184 -237 -275 -20044 -393 -89 1

16141772 6195 -232 -375 -19979 -491 -89 1

16146768 6205 -226 -475 -20053 -588 -89 1

16151772 6216 -220 -575 -19915 -685 -89 1

16156772 6226 -213 -674 -19921 -781 -89 1

16161768 6237 -167 -774 -19881 -857 -172 1

16166768 6248 -162 -871 -19386 -952 -253 1

16171768 6258 -197 -965 -18938 -1064 -352 1

16176768 6268 -193 -1059 -18790 -1156 -448 1

16181772 6278 -188 -1153 -18801 -1247 -542 1

16186768 6288 -182 -1246 -18616 -1337 -633 1

16191768 6298 -175 -1338 -18422 -1426 -720 1

16196772 6308 -168 -1429 -18052 -1513 -804 1

16201768 6318 -161 -1518 -17858 -1599 -885 1

16206768 6327 -120 -1606 -17649 -1666 -945 1

16211768 6337 -113 -1692 -17206 -1749 -1002 1

16216768 6346 -141 -1775 -16627 -1846 -1072 1

16221768 6355 -136 -1857 -16324 -1925 -1140 1

16226772 6364 -130 -1937 -16037 -2002 -1205 1

16231772 6372 -124 -2015 -15596 -2077 -1267 1

16236772 6381 -116 -2092 -15348 -2150 -1325 1

16241772 6389 -109 -2167 -14927 -2221 -1379 1

16246772 6398 -74 -2239 -14527 -2276 -1416 1

16251768 6405 -68 -2309 -13963 -2343 -1450 1

16256768 6413 -88 -2376 -13451 -2420 -1494 1

16261768 6420 -81 -2441 -12991 -2482 -1534 1

16266772 6427 -74 -2504 -12559 -2541 -1571 1

16271772 6434 -66 -2565 -12150 -2598 -1604 1

16276772 6440 -57 -2624 -11756 -2652 -1633 1

16281772 6447 -48 -2680 -11204 -2704 -1657 1

16286768 6453 -39 -2733 -10683 -2753 -1676 1

16291768 6458 -11 -2784 -10187 -2790 -1682 1

16296768 6464 -5 -2831 -9426 -2834 -1684 1

16301768 6469 -16 -2875 -8749 -2883 -1692 1

16306768 6473 -10 -2915 -8092 -2920 -1697 1

16311772 6478 -3 -2954 -7662 -2955 -1699 1

16316768 6481 4 -2989 -7094 -2987 -1697 1

16321768 6484 10 -3021 -6411 -3016 -1692 1

16326768 6488 16 -3050 -5798 -3042 -1684 1

16331772 6490 22 -3076 -5245 -3065 -1673 1

16336772 6493 35 -3099 -4580 -3082 -1656 1

16341768 6495 39 -3119 -3938 -3099 -1636 1

16346768 6496 39 -3136 -3373 -3116 -1616 1

16351772 6498 46 -3150 -2898 -3127 -1593 1

16356768 6498 52 -3161 -2132 -3135 -1567 1

16361768 6499 59 -3169 -1611 -3140 -1538 1

16366768 6499 66 -3174 -967 -3141 -1505 1

16371772 6499 73 -3176 -381 -3140 -1468 1

16376768 6499 78 -3175 156 -3136 -1429 1

16381772 6500 84 -3171 801 -3129 -1387 1

16386772 6500 97 -3165 1220 -3116 -1339 1

16391776 6502 105 -3155 1979 -3102 -1286 1

16396772 6503 116 -3143 2346 -3085 -1228 1

16401768 6504 125 -3128 3048 -3065 -1166 1

16406768 6506 134 -3110 3696 -3042 -1098 1

16411768 6509 143 -3088 4298 -3016 -1027 1

16416776 6511 151 -3063 5023 -2987 -951 1

16421772 6514 145 -3035 5684 -2962 -878 1

16426768 6518 152 -3004 6200 -2928 -803 1

16431768 6521 175 -2970 6678 -2883 -715 1

16436772 6525 182 -2933 7391 -2842 -624 1

16441768 6529 189 -2893 8035 -2799 -530 1

16446772 6534 193 -2849 8782 -2752 -433 1

16451772 6538 197 -2802 9435 -2704 -335 1

16456768 6544 200 -2752 10009 -2652 -235 1

16461768 6550 181 -2699 10511 -2609 -144 1

16466768 6555 184 -2644 10969 -2553 -53 1

16471768 6561 212 -2588 11372 -2482 -53 1

16476768 6568 214 -2527 12055 -2420 -53 1

16481768 6574 218 -2465 12480 -2356 -53 1

16486772 6581 220 -2400 13024 -2290 -53 1

16491772 6588 223 -2332 13494 -2221 -53 1

16496772 6596 225 -2263 13907 -2150 -53 1

16501772 6603 227 -2191 14429 -2077 -53 1

16506772 6611 198 -2116 14879 -2017 45 1

16511768 6619 201 -2041 15068 -1941 45 1

16516772 6627 237 -1965 15246 -1846 45 1

16521768 6635 242 -1887 15630 -1765 45 1

16526768 6644 248 -1807 15986 -1683 45 1

16531768 6652 251 -1724 16484 -1599 45 1

16536772 6662 253 -1640 16922 -1513 45 1

16541768 6670 255 -1553 17302 -1426 45 1

16546768 6680 220 -1465 17635 -1355 45 1

16551772 6689 221 -1376 17846 -1265 45 1

16556772 6699 255 -1285 18031 -1156 45 1

16561768 6708 255 -1194 18246 -1064 45 1

16566772 6718 255 -1101 18588 -970 45 1

16571768 6728 255 -1007 18875 -876 45 1

16576768 6738 255 -911 19115 -781 45 1

16581768 6749 255 -815 19317 -685 45 1

16586772 6759 255 -717 19648 -588 45 1

16591772 6770 215 -618 19764 -510 45 1

16596772 6780 212 -519 19762 -413 45 1

16601772 6791 252 -421 19580 -295 45 1

16606768 6801 250 -322 19849 -197 45 1

16611768 6812 248 -222 19900 -98 45 1

16616768 6822 245 -122 20091 0 45 1

16621768 6833 240 -21 20232 98 45 1

16626768 6844 234 80 20318 197 45 1

16631768 6855 188 182 20351 276 139 1

16636768 6866 185 281 19917 374 232 1

16641768 6876 222 380 19695 491 232 1

16646772 6887 219 479 19749 588 232 1

16651768 6898 216 577 19615 685 232 1

16656768 6908 212 675 19643 781 232 1

16661768 6919 207 772 19480 876 232 1

16666768 6929 201 870 19471 970 232 1

16671772 6940 196 966 19264 1064 329 1

16676772 6950 151 1062 19218 1138 405 1

16681768 6960 147 1156 18725 1229 478 1

16686772 6970 180 1247 18285 1337 568 1

16691772 6980 176 1338 18131 1426 657 1

16696772 6990 171 1428 17976 1513 742 1

16701772 7000 166 1516 17652 1599 825 1

16706772 7009 159 1603 17509 1683 904 1

16711772 7019 150 1690 17342 1765 979 1

16716768 7028 110 1775 16983 1830 1034 1

16721768 7037 104 1857 16421 1909 1087 1

16726768 7046 131 1937 15910 2002 1152 1

16731768 7054 126 2014 15496 2077 1215 1

16736768 7063 119 2091 15277 2150 1274 1

16741768 7071 112 2165 14886 2221 1330 1

16746772 7079 104 2238 14513 2290 1382 1

16751768 7087 95 2308 14147 2356 1430 1

16756768 7094 87 2376 13621 2420 1474 1

16761768 7102 55 2442 13126 2470 1501 1

16766772 7108 48 2505 12664 2529 1526 1

16771768 7115 66 2565 11908 2598 1559 1

16776772 7122 59 2623 11552 2652 1588 1

16781768 7128 51 2678 11047 2704 1614 1

16786772 7134 43 2731 10570 2753 1635 1

16791768 7139 36 2781 9957 2799 1653 1

16796768 7144 27 2828 9558 2842 1667 1

16801768 7149 5 2873 8842 2875 1669 1

16806772 7154 -1 2914 8259 2913 1669 1

16811772 7158 7 2952 7569 2955 1672 1

16816772 7162 1 2987 7042 2987 1673 1

16821768 7165 -5 3019 6400 3016 1670 1

16826768 7168 -13 3049 5983 3042 1664 1

16831768 7170 -19 3075 5258 3065 1654 1

16836768 7173 -25 3098 4611 3085 1641 1

16841772 7175 -32 3118 4029 3102 1625 1

16846768 7176 -44 3136 3495 3114 1603 1

16851772 7178 -51 3151 2968 3125 1578 1

16856768 7178 -53 3161 2158 3135 1551 1

16861768 7179 -60 3170 1626 3140 1521 1

16866772 7179 -67 3174 973 3141 1488 1

16871768 7179 -74 3176 380 3140 1451 1

16876768 7179 -81 3176 -163 3135 1411 1

16881768 7180 -89 3171 -827 3127 1366 1

16886772 7180 -93 3165 -1274 3119 1320 1

16891768 7182 -99 3155 -1998 3105 1270 1

16896772 7183 -114 3143 -2484 3085 1213 1

16901772 7184 -124 3128 -2990 3065 1151 1

16906768 7186 -134 3109 -3640 3042 1084 1

16911768 7189 -144 3088 -4252 3016 1012 1

16916772 7191 -152 3063 -4991 2987 936 1

16921768 7194 -159 3035 -5664 2955 857 1

16926768 7198 -166 3004 -6274 2920 774 1

16931768 7201 -156 2969 -6993 2890 695 1

16936768 7205 -161 2931 -7531 2850 615 1

16941772 7210 -184 2891 -8015 2799 523 1

16946772 7214 -189 2847 -8733 2752 428 1

16951768 7219 -195 2801 -9207 2704 331 1

16956772 7224 -199 2751 -9966 2652 231 1

16961768 7230 -202 2699 -10467 2598 231 1

16966768 7236 -205 2644 -11069 2541 231 1

16971768 7242 -184 2586 -11594 2494 140 1

16976768 7248 -187 2526 -11898 2433 46 1

16981772 7255 -191 2464 -12333 2369 -48 1

16986772 7262 -224 2402 -12563 2290 -48 1

16991768 7268 -229 2335 -13294 2221 -48 1

16996768 7276 -234 2267 -13618 2150 -48 1

17001768 7283 -238 2196 -14244 2077 -48 1

17006768 7291 -240 2122 -14796 2002 -48 1

17011768 7299 -241 2046 -15272 1925 -48 1

17016768 7307 -210 1967 -15679 1862 -48 1

17021768 7315 -213 1888 -15817 1782 -48 1

17026768 7324 -251 1808 -15953 1683 -48 1

17031768 7332 -254 1726 -16476 1599 -48 1

17036772 7341 -255 1641 -16935 1513 -48 1

17041772 7350 -255 1555 -17326 1426 -48 1

17046772 7360 -255 1466 -17655 1337 -48 1

17051768 7369 -255 1376 -18092 1247 -48 1

17056776 7379 -255 1284 -18458 1156 -48 1

17061772 7388 -217 1191 -18605 1082 -48 1

17066772 7398 -217 1097 -18641 989 -48 1

17071768 7408 -255 1004 -18671 876 -48 1

17076772 7418 -255 909 -18945 781 -48 1

17081768 7428 -255 813 -19174 685 -48 1

17086768 7438 -255 717 -19367 588 -48 1

17091772 7449 -255 619 -19528 491 -48 1

17096772 7459 -253 520 -19825 393 -48 1

17101768 7470 -211 420 -19900 315 -48 1

17106768 7480 -211 322 -19689 216 -48 1

17111768 7490 -251 223 -19673 98 -48 1

17116772 7501 -249 124 -19920 0 -48 1

17121768 7511 -247 24 -19954 -98 -48 1

17126772 7522 -244 -75 -19969 -197 -48 1

17131768 7532 -240 -175 -20123 -295 -48 1

17136768 7543 -233 -277 -20226 -393 -48 1

17141768 7554 -228 -377 -20106 -491 -48 1

17146768 7564 -182 -478 -20134 -569 -139 1

17151772 7575 -177 -577 -19857 -666 -228 1

17156768 7586 -213 -674 -19431 -781 -228 1

17161768 7596 -211 -771 -19308 -876 -228 1

17166768 7606 -206 -867 -19353 -970 -228 1

17171772 7617 -200 -963 -19197 -1064 -228 1

17176772 7627 -193 -1059 -19188 -1156 -325 1

17181772 7637 -186 -1154 -18974 -1247 -417 1

17186768 7648 -142 -1248 -18749 -1319 -489 1

17191768 7658 -137 -1339 -18272 -1408 -557 1

17196772 7667 -169 -1429 -17840 -1513 -642 1

17201772 7677 -163 -1517 -17686 -1599 -723 1

17206768 7686 -158 -1604 -17356 -1683 -802 1

17211768 7696 -153 -1689 -17047 -1765 -879 1

17216768 7705 -145 -1774 -16916 -1846 -951 1

17221768 7714 -137 -1857 -16593 -1925 -1020 1

17226768 7723 -128 -1938 -16269 -2002 -1084 1

17231768 7732 -89 -2018 -15939 -2062 -1128 1

17236768 7740 -83 -2094 -15246 -2136 -1170 1

17241768 7749 -106 -2168 -14787 -2221 -1223 1

17246768 7757 -100 -2240 -14390 -2290 -1273 1

17251768 7764 -92 -2310 -14018 -2356 -1319 1

17256768 7772 -86 -2377 -13493 -2420 -1362 1

17261768 7780 -79 -2442 -13013 -2482 -1401 1

17266768 7786 -70 -2506 -12725 -2541 -1436 1

17271768 7794 -40 -2567 -12103 -2587 -1457 1

17276768 7800 -34 -2624 -11546 -2641 -1474 1

17281772 7806 -50 -2679 -10878 -2704 -1499 1

17286772 7812 -43 -2731 -10423 -2753 -1520 1

17291772 7818 -36 -2781 -9994 -2799 -1538 1

17296768 7823 -28 -2828 -9428 -2842 -1552 1

17301772 7828 -21 -2872 -8901 -2883 -1563 1

17306772 7832 -12 -2914 -8412 -2920 -1569 1

17311772 7836 -4 -2953 -7783 -2955 -1571 1

17316768 7840 16 -2989 -7202 -2981 -1562 1

17321768 7844 23 -3022 -6584 -3011 -1551 1

17326768 7847 17 -3051 -5698 -3042 -1542 1

17331768 7850 24 -3077 -5315 -3065 -1530 1

17336772 7852 30 -3101 -4626 -3085 -1515 1

17341768 7854 36 -3121 -4009 -3102 -1497 1

17346772 7856 43 -3138 -3452 -3116 -1476 1

17351768 7857 49 -3152 -2777 -3127 -1451 1

17356768 7858 58 -3163 -2172 -3134 -1422 1

17361772 7858 62 -3170 -1445 -3139 -1391 1

17366768 7858 66 -3174 -808 -3141 -1358 1

17371772 7858 71 -3175 -247 -3140 -1323 1

17376768 7858 78 -3174 255 -3135 -1284 1

17381768 7859 85 -3169 884 -3127 -1241 1

17386768 7860 92 -3162 1457 -3116 -1196 1

17391772 7861 100 -3152 1984 -3102 -1146 1

17396772 7863 109 -3140 2479 -3085 -1091 1

17401768 7864 109 -3124 3114 -3070 -1037 1

17406768 7866 118 -3106 3647 -3047 -978 1

17411768 7868 138 -3085 4152 -3016 -909 1

17416768 7871 147 -3061 4869 -2987 -836 1

17421772 7874 156 -3033 5528 -2955 -758 1

17426768 7877 166 -3003 5980 -2920 -675 1

17431768 7880 174 -2970 6746 -2883 -588 1

17436772 7884 181 -2932 7441 -2842 -498 1

17441772 7888 169 -2892 8070 -2808 -413 1

17446768 7893 175 -2849 8520 -2762 -326 1

17451772 7898 201 -2804 9098 -2704 -326 1

17456768 7903 206 -2755 9752 -2652 -326 1

17461768 7908 210 -2703 10495 -2598 -326 1

17466772 7914 212 -2647 11145 -2541 -326 1

17471768 7920 213 -2588 11703 -2482 -326 1

17476768 7927 215 -2528 12178 -2420 -326 1

17481768 7934 217 -2465 12590 -2356 -326 1

17486772 7940 190 -2398 13271 -2303 -231 1

17491772 7948 193 -2332 13344 -2235 -134 1

17496768 7955 225 -2263 13747 -2150 -134 1

17501768 7962 230 -2192 14133 -2077 -134 1

17506772 7970 234 -2119 14650 -2002 -134 1

17511772 7978 237 -2043 15111 -1925 -134 1

17516768 7986 239 -1966 15517 -1846 -134 1

17521768 7994 242 -1886 15871 -1765 -134 1

17526772 8003 210 -1805 16349 -1699 -134 1

17531768 8012 213 -1722 16541 -1616 -134 1

17536768 8021 251 -1638 16721 -1513 -134 1

17541772 8030 255 -1554 16960 -1426 -134 1

17546768 8039 255 -1466 17508 -1337 -134 1

17551768 8048 255 -1377 17808 -1247 -134 1

17556772 8058 255 -1287 18059 -1156 -134 1

17561772 8068 255 -1194 18431 -1064 -134 1

17566768 8078 255 -1101 18743 -970 -134 1

17571768 8088 222 -1006 19005 -895 -134 1

17576768 8098 222 -911 19009 -800 -134 1

17581772 8108 255 -816 19013 -685 -134 1

17586768 8118 255 -719 19393 -588 -134 1

17591768 8128 255 -621 19550 -491 -134 1

17596768 8139 255 -522 19843 -393 -134 1

17601772 8150 254 -422 19928 -295 -134 1

17606768 8160 249 -321 20154 -197 -134 1

17611768 8171 243 -220 20311 -98 -134 1

17616772 8182 199 -118 20243 -19 -35 1

17621768 8193 195 -18 20059 78 62 1

17626772 8204 233 80 19879 197 62 1

17631768 8214 230 180 19976 295 62 1

17636768 8225 226 280 20038 393 62 1

17641772 8236 222 380 19902 491 62 1

17646768 8246 218 479 19924 588 62 1

17651768 8257 212 579 19915 685 62 1

17656772 8268 168 678 19708 762 146 1

17661768 8278 165 775 19408 857 229 1

17666772 8289 202 869 18976 970 229 1

17671768 8299 198 965 19016 1064 328 1

17676772 8309 194 1059 18862 1156 425 1

17681768 8319 190 1152 18707 1247 520 1

17686768 8330 184 1245 18550 1337 612 1

17691768 8339 177 1337 18380 1426 700 1

17696776 8349 170 1428 18191 1513 785 1

17701768 8359 127 1518 17987 1582 849 1

17706768 8369 123 1605 17374 1666 910 1

17711768 8378 151 1690 16995 1765 986 1

17716772 8387 146 1773 16698 1846 1059 1

17721772 8396 139 1855 16416 1925 1128 1

17726768 8405 132 1936 16134 2002 1194 1

17731768 8414 125 2015 15691 2077 1257 1

17736768 8422 117 2092 15434 2150 1315 1

17741768 8430 80 2167 15005 2207 1355 1

17746768 8438 75 2239 14404 2276 1393 1

17751768 8446 96 2308 13867 2356 1441 1

17756768 8454 90 2375 13392 2420 1486 1

17761768 8461 82 2441 13115 2482 1527 1

17766768 8468 76 2503 12508 2541 1565 1

17771772 8474 68 2564 12121 2598 1599 1

17776768 8481 59 2622 11744 2652 1629 1

17781772 8487 50 2679 11208 2704 1654 1

17786768 8493 22 2732 10699 2743 1665 1

17791768 8498 14 2782 10089 2790 1672 1

17796768 8504 26 2829 9364 2842 1685 1

17801772 8508 19 2873 8834 2883 1694 1

17806768 8513 12 2914 8182 2920 1700 1

17811768 8517 6 2952 7590 2955 1703 1

17816768 8520 -1 2988 7053 2987 1703 1

17821768 8524 -8 3020 6557 3016 1699 1

17826768 8527 -25 3050 5934 3037 1686 1

17831768 8530 -31 3077 5300 3061 1671 1

17836768 8532 -28 3099 4568 3085 1657 1

17841768 8534 -34 3119 3973 3102 1640 1

17846772 8535 -39 3136 3274 3116 1621 1

17851772 8536 -44 3149 2654 3127 1599 1

17856772 8537 -49 3159 2101 3135 1574 1

17861768 8538 -56 3167 1605 3140 1546 1

17866772 8538 -63 3172 981 3141 1515 1

17871768 8538 -69 3174 412 3140 1481 1

17876768 8539 -74 3173 -264 3136 1444 1

17881772 8539 -85 3170 -705 3127 1401 1

17886772 8540 -93 3163 -1307 3116 1355 1

17891772 8541 -103 3154 -1865 3102 1303 1

17896768 8542 -113 3142 -2398 3085 1247 1

17901772 8544 -122 3126 -3072 3065 1186 1

17906768 8546 -131 3108 -3696 3042 1121 1

17911768 8548 -129 3086 -4279 3022 1056 1

17916768 8550 -139 3063 -4755 2993 987 1

17921768 8554 -161 3036 -5381 2955 906 1

17926768 8556 -170 3006 -6050 2920 821 1

17931768 8560 -177 2971 -6831 2883 733 1

17936772 8564 -183 2934 -7532 2842 641 1

17941772 8568 -188 2893 -8160 2799 547 1

17946768 8573 -194 2849 -8719 2752 450 1

17951768 8578 -198 2802 -9389 2704 351 1

17956768 8583 -180 2752 -9977 2663 261 1

17961768 8589 -182 2700 -10514 2609 170 1

17966768 8594 -208 2645 -10978 2541 170 1

17971768 8601 -211 2587 -11537 2482 170 1

17976768 8607 -214 2527 -12026 2420 170 1

17981772 8614 -216 2464 -12617 2356 170 1

17986768 8620 -218 2398 -13126 2290 170 1

17991768 8628 -219 2331 -13566 2221 170 1

17996768 8635 -193 2261 -13942 2164 74 1

18001768 8643 -196 2190 -14249 2092 -23 1

18006772 8650 -232 2118 -14365 2002 -23 1

18011772 8658 -237 2044 -14858 1925 -23 1

18016772 8666 -242 1967 -15305 1846 -23 1

18021772 8674 -246 1888 -15712 1765 -23 1

18026768 8683 -249 1807 -16242 1683 -23 1

18031768 8692 -252 1725 -16544 1599 -23 1

18036768 8700 -253 1640 -16979 1513 -23 1

18041772 8710 -219 1553 -17350 1443 -23 1

18046768 8719 -220 1465 -17601 1355 -23 1

18051768 8728 -255 1377 -17657 1247 -23 1

18056768 8738 -255 1287 -17932 1156 -23 1

18061772 8747 -255 1195 -18325 1064 -23 1

18066768 8757 -255 1102 -18654 970 -23 1

18071768 8767 -255 1007 -18930 876 -23 1

18076768 8777 -255 912 -19162 781 -23 1

18081772 8787 -222 815 -19356 704 -23 1

18086768 8797 -221 718 -19304 608 -23 1

18091768 8808 -255 622 -19254 491 -23 1

18096768 8818 -255 525 -19434 393 -23 1

18101772 8828 -255 427 -19585 295 -23 1

18106768 8838 -255 328 -19872 197 -23 1

18111768 8849 -255 227 -20114 98 -23 1

18116768 8860 -253 126 -20155 0 -23 1

18121768 8870 -247 25 -20338 -98 -23 1

18126768 8881 -201 -77 -20453 -177 -23 1

18131768 8892 -197 -177 -20087 -276 -122 1

18136772 8902 -233 -277 -19916 -393 -122 1

18141768 8913 -228 -377 -20007 -491 -122 1

18146768 8924 -224 -476 -19889 -588 -122 1

18151772 8934 -218 -576 -19926 -685 -122 1

18156768 8944 -212 -675 -19756 -781 -122 1

18161768 8955 -205 -773 -19736 -876 -122 1

18166772 8966 -161 -871 -19512 -952 -202 1

18171768 8976 -158 -966 -19037 -1045 -281 1

18176772 8986 -192 -1060 -18780 -1156 -377 1

18181772 8996 -188 -1153 -18625 -1247 -471 1

18186772 9006 -183 -1245 -18468 -1337 -563 1

18191772 9016 -178 -1337 -18305 -1426 -652 1

18196768 9026 -171 -1428 -18135 -1513 -737 1

18201772 9036 -164 -1517 -17785 -1599 -819 1

18206768 9046 -156 -1605 -17607 -1683 -897 1

18211768 9055 -115 -1692 -17406 -1749 -955 1

18216768 9064 -109 -1776 -16808 -1830 -1009 1

18221768 9073 -136 -1857 -16267 -1925 -1077 1

18226768 9082 -130 -1937 -15989 -2002 -1142 1

18231772 9091 -123 -2016 -15717 -2077 -1203 1

18236768 9100 -115 -2093 -15443 -2150 -1261 1

18241772 9109 -106 -2168 -15000 -2221 -1314 1

18246772 9117 -98 -2241 -14569 -2290 -1363 1

18251772 9125 -89 -2311 -14155 -2356 -1407 1

18256772 9132 -55 -2380 -13749 -2408 -1435 1

18261772 9139 -47 -2446 -13187 -2470 -1458 1

18266772 9147 -67 -2508 -12340 -2541 -1492 1

18271772 9153 -61 -2567 -11921 -2598 -1522 1

18276768 9159 -54 -2625 -11531 -2652 -1549 1

18281768 9166 -47 -2680 -10996 -2704 -1573 1

18286768 9171 -40 -2733 -10502 -2753 -1592 1

18291768 9177 -32 -2783 -10041 -2799 -1608 1

18296768 9182 -9 -2829 -9280 -2834 -1613 1

18301772 9187 -3 -2873 -8814 -2875 -1614 1

18306768 9192 -14 -2914 -8061 -2920 -1621 1

18311768 9196 -9 -2951 -7501 -2955 -1626 1

18316768 9199 -3 -2986 -6998 -2987 -1627 1

18321772 9203 5 -3019 -6537 -3016 -1624 1

18326768 9206 12 -3048 -5937 -3042 -1618 1

18331768 9209 20 -3075 -5387 -3065 -1608 1

18336768 9211 27 -3099 -4713 -3085 -1595 1

18341768 9213 40 -3119 -4101 -3099 -1575 1

18346772 9215 46 -3137 -3503 -3114 -1551 1

18351768 9216 48 -3151 -2801 -3127 -1528 1

18356772 9217 54 -3162 -2199 -3135 -1501 1

18361768 9217 60 -3169 -1493 -3140 -1471 1

18366772 9218 67 -3175 -1022 -3141 -1437 1

18371772 9219 76 -3177 -582 -3140 -1399 1

18376768 9219 85 -3177 7 -3135 -1357 1

18381768 9219 91 -3175 560 -3129 -1311 1

18386768 9221 98 -3168 1386 -3119 -1262 1

18391768 9222 111 -3158 1964 -3102 -1206 1

18396768 9223 120 -3145 2533 -3085 -1147 1

18401768 9225 127 -3129 3231 -3065 -1083 1

18406768 9227 135 -3110 3863 -3042 -1016 1

18411772 9230 142 -3088 4445 -3016 -945 1

18416768 9233 149 -3062 5140 -2987 -870 1

18421768 9235 155 -3033 5769 -2955 -792 1

18426772 9239 146 -3000 6497 -2928 -720 1

18431768 9243 151 -2966 6889 -2890 -644 1

18436768 9247 174 -2929 7411 -2842 -557 1

18441768 9251 181 -2889 7999 -2799 -467 1

18446768 9255 186 -2845 8700 -2752 -374 1

18451768 9260 192 -2800 9159 -2704 -278 1

18456772 9265 196 -2750 9906 -2652 -180 1

18461768 9271 201 -2698 10398 -2598 -180 1

18466768 9277 181 -2643 11005 -2553 -89 1

18471768 9283 185 -2586 11383 -2494 2 1

18476772 9289 215 -2528 11727 -2420 2 1

18481772 9295 219 -2466 12372 -2356 2 1

18486768 9302 224 -2402 12779 -2290 2 1

18491768 9309 229 -2335 13314 -2221 2 1

18496768 9316 232 -2266 13796 -2150 2 1

18501768 9324 235 -2194 14381 -2077 2 1

18506768 9331 236 -2120 14891 -2002 2 1

18511772 9339 205 -2043 15326 -1941 2 1

18516768 9348 208 -1966 15489 -1862 2 1

18521772 9356 245 -1888 15645 -1765 2 1

18526768 9365 249 -1807 16017 -1683 2 1

18531768 9373 252 -1725 16517 -1599 2 1

18536768 9382 254 -1640 16956 -1513 2 1

18541772 9391 255 -1553 17338 -1426 2 1

18546772 9401 255 -1465 17664 -1337 2 1

18551768 9411 219 -1375 18100 -1265 2 1

18556772 9420 218 -1283 18230 -1174 2 1

18561768 9430 255 -1192 18333 -1064 2 1

18566768 9440 255 -1099 18500 -970 2 1

18571772 9450 255 -1005 18801 -876 2 1

18576772 9460 255 -909 19214 -781 2 1

18581768 9470 255 -812 19401 -685 2 1

18586772 9481 252 -714 19557 -588 2 1

18591768 9491 250 -616 19668 -491 2 1

18596772 9501 207 -517 19910 -413 2 1

18601768 9512 205 -417 19832 -315 2 1

18606772 9523 245 -319 19593 -197 2 1

18611772 9533 244 -220 19814 -98 2 1

18616768 9544 243 -121 19832 0 2 1

18621768 9555 241 -21 20001 98 2 1

18626776 9565 237 79 20131 197 2 1

18631772 9576 231 180 20213 295 2 1

18636768 9587 187 280 20082 374 96 1

18641768 9597 184 379 19846 471 188 1

18646768 9608 222 477 19629 588 188 1

18651768 9619 220 575 19533 685 188 1

18656768 9629 215 673 19601 781 188 1

18661768 9640 211 770 19464 876 188 1

18666768 9650 205 868 19484 970 188 1

18671772 9662 197 965 19461 1064 287 1

18676768 9672 188 1062 19390 1156 380 1

18681768 9682 143 1158 19111 1229 452 1

18686768 9692 137 1251 18583 1319 521 1

18691768 9702 169 1341 18101 1426 605 1

18696768 9712 165 1431 17905 1513 688 1

18701768 9722 161 1518 17553 1599 768 1

18706772 9731 155 1605 17393 1683 846 1

18711772 9740 150 1691 17058 1765 920 1

18716768 9750 144 1774 16745 1846 992 1

18721768 9759 104 1857 16604 1909 1044 1

18726768 9768 100 1937 15902 1987 1094 1

18731768 9776 126 2014 15448 2077 1157 1

18736768 9784 121 2089 15076 2150 1218 1

18741772 9792 114 2164 14892 2221 1275 1

18746772 9800 106 2237 14530 2290 1328 1

18751772 9808 99 2307 14014 2356 1377 1

18756772 9816 90 2375 13696 2420 1422 1

18761768 9823 81 2441 13209 2482 1463 1

18766768 9830 49 2505 12742 2529 1488 1

18771772 9837 42 2566 12141 2587 1509 1

18776768 9843 59 2623 11430 2652 1538 1

18781768 9850 52 2677 10944 2704 1564 1

18786772 9855 45 2730 10491 2753 1587 1

18791768 9860 37 2780 10065 2799 1605 1

18796772 9866 29 2828 9494 2842 1619 1

18801768 9871 20 2873 8962 2883 1630 1

18806768 9875 -3 2915 8457 2913 1628 1

18811768 9880 -10 2953 7723 2949 1623 1

18816772 9883 -3 2989 7060 2987 1622 1

18821772 9887 -9 3021 6389 3016 1617 1

18826768 9890 -14 3050 5787 3042 1610 1

18831768 9892 -21 3076 5248 3065 1600 1

18836768 9894 -27 3099 4590 3085 1586 1

18841772 9896 -33 3119 3998 3102 1570 1

18846768 9898 -40 3136 3462 3116 1550 1

18851768 9899 -50 3150 2806 3125 1525 1

18856768 9900 -55 3161 2189 3134 1497 1

18861772 9900 -58 3169 1478 3140 1468 1

18866768 9900 -63 3173 862 3141 1437 1

18871768 9900 -70 3174 313 3140 1402 1

18876768 9900 -77 3173 -194 3135 1363 1

18881772 9900 -86 3170 -665 3127 1320 1

18886768 9901 -95 3164 -1280 3116 1273 1

18891768 9902 -104 3154 -1855 3102 1221 1

18896768 9904 -105 3142 -2558 3089 1168 1

18901768 9905 -114 3127 -2993 3070 1111 1

18906768 9907 -133 3109 -3578 3042 1045 1

18911768 9909 -143 3088 -4192 3016 974 1

18916772 9912 -152 3063 -4935 2987 898 1

18921768 9915 -161 3036 -5455 2955 817 1

18926768 9918 -168 3004 -6273 2920 733 1

18931768 9922 -175 2970 -6844 2883 646 1

18936768 9926 -164 2933 -7530 2850 564 1

18941768 9930 -170 2892 -8034 2808 479 1

18946768 9934 -193 2849 -8657 2752 382 1

18951768 9940 -198 2802 -9330 2704 283 1

18956768 9944 -202 2753 -9928 2652 283 1

18961768 9950 -205 2701 -10456 2598 283 1

18966768 9956 -208 2645 -11079 2541 283 1

18971772 9962 -210 2587 -11622 2482 283 1

18976776 9969 -211 2526 -12251 2420 283 1

18981768 9975 -187 2463 -12625 2369 190 1

18986768 9982 -190 2398 -12944 2303 95 1

18991772 9989 -222 2332 -13230 2221 95 1

18996772 9996 -225 2263 -13841 2150 95 1

19001772 10005 -227 2191 -14373 2077 95 1

19006772 10013 -229 2117 -14832 2002 95 1

19011768 10021 -232 2041 -15070 1925 95 1

19016772 10029 -236 1964 -15450 1846 95 1

19021768 10037 -205 1884 -15956 1782 95 1

19026772 10045 -209 1804 -16018 1699 95 1

19031772 10054 -248 1723 -16256 1599 95 1

19036768 10063 -254 1640 -16550 1513 95 1

19041772 10071 -255 1555 -16997 1426 95 1

19046768 10081 -255 1468 -17378 1337 95 1

19051772 10090 -255 1379 -17860 1247 95 1

19056772 10099 -255 1288 -18102 1156 95 1

19061768 10109 -255 1197 -18306 1064 95 1

19066772 10119 -229 1104 -18638 989 95 1

19071768 10129 -230 1010 -18747 895 95 1

19076768 10139 -255 916 -18845 781 95 1

19081772 10149 -255 820 -19091 685 95 1

19086772 10159 -255 724 -19297 588 95 1

19091768 10169 -255 626 -19470 491 95 1

19096772 10179 -255 527 -19776 393 95 1

19101768 10190 -255 428 -19872 295 95 1

19106772 10200 -222 328 -20113 216 95 1

19111768 10211 -220 228 -19940 118 95 1

19116768 10221 -255 129 -19781 0 95 1

19121768 10231 -255 29 -20037 -98 95 1

19126768 10242 -251 -72 -20252 -197 95 1

19131772 10253 -245 -173 -20245 -295 95 1

19136772 10263 -237 -275 -20361 -393 95 1

19141768 10274 -229 -377 -20407 -491 95 1

19146768 10285 -221 -478 -20232 -588 95 1

19151768 10295 -174 -579 -20193 -666 8 1

19156772 10306 -167 -678 -19855 -762 -75 1

19161768 10317 -202 -775 -19364 -876 -75 1

19166768 10327 -199 -871 -19180 -970 -174 1

19171772 10337 -196 -966 -19006 -1064 -272 1

19176768 10347 -190 -1061 -19002 -1156 -368 1

19181768 10357 -185 -1155 -18798 -1247 -460 1

19186768 10367 -179 -1248 -18594 -1337 -549 1

19191772 10377 -137 -1340 -18384 -1408 -618 1

19196768 10387 -133 -1429 -17934 -1496 -684 1

19201776 10397 -163 -1517 -17530 -1599 -766 1

19206768 10407 -160 -1603 -17225 -1683 -846 1

19211772 10416 -153 -1689 -17111 -1765 -922 1

19216772 10425 -147 -1773 -16809 -1846 -996 1

19221768 10434 -139 -1855 -16516 -1925 -1066 1

19226768 10443 -131 -1936 -16218 -2002 -1131 1

19231768 10452 -122 -2016 -15915 -2077 -1192 1

19236768 10461 -83 -2094 -15603 -2136 -1234 1

19241768 10469 -77 -2169 -14925 -2207 -1272 1

19246772 10477 -97 -2241 -14478 -2290 -1321 1

19251772 10485 -91 -2311 -13911 -2356 -1366 1

19256772 10493 -84 -2378 -13558 -2420 -1408 1

19261768 10501 -76 -2444 -13054 -2482 -1446 1

19266768 10507 -68 -2507 -12740 -2541 -1480 1

19271768 10515 -60 -2568 -12103 -2598 -1510 1

19276772 10521 -30 -2626 -11676 -2641 -1525 1

19281768 10527 -23 -2682 -11123 -2694 -1537 1

19286772 10533 -38 -2733 -10290 -2753 -1556 1

19291768 10539 -32 -2783 -9851 -2799 -1572 1

19296772 10544 -26 -2829 -9281 -2842 -1586 1

19301768 10549 -20 -2873 -8764 -2883 -1595 1

19306772 10553 -12 -2914 -8292 -2920 -1602 1

19311768 10557 -5 -2953 -7681 -2955 -1604 1

19316772 10561 2 -2988 -7124 -2987 -1603 1

19321768 10565 19 -3021 -6449 -3011 -1594 1

19326772 10567 24 -3049 -5771 -3037 -1582 1

19331772 10570 20 -3075 -5170 -3065 -1572 1

19336768 10573 25 -3098 -4531 -3085 -1560 1

19341768 10575 31 -3118 -3961 -3102 -1544 1

19346768 10576 37 -3135 -3444 -3116 -1526 1

19351768 10577 44 -3149 -2810 -3127 -1504 1

19356772 10578 51 -3160 -2233 -3135 -1479 1

19361772 10579 60 -3169 -1702 -3139 -1449 1

19366768 10579 66 -3174 -1037 -3141 -1416 1

19371768 10579 73 -3176 -439 -3140 -1379 1

19376772 10580 80 -3175 268 -3135 -1340 1

19381772 10581 86 -3170 908 -3127 -1297 1

19386772 10582 93 -3163 1484 -3116 -1250 1

19391768 10583 101 -3153 2013 -3102 -1200 1

19396768 10585 109 -3140 2510 -3085 -1145 1

19401768 10586 118 -3124 3140 -3065 -1086 1

19406772 10588 117 -3106 3727 -3047 -1028 1

19411768 10591 126 -3085 4213 -3022 -965 1

19416768 10593 146 -3061 4841 -2987 -892 1

19421768 10596 157 -3034 5338 -2955 -813 1

19426772 10599 165 -3003 6149 -2920 -731 1

19431768 10603 174 -2969 6720 -2883 -644 1

19436772 10606 181 -2932 7419 -2842 -554 1

19441768 10611 187 -2892 8052 -2799 -460 1

19446772 10615 172 -2848 8783 -2762 -374 1

19451768 10620 178 -2802 9138 -2714 -285 1

19456768 10625 203 -2754 9797 -2652 -285 1

19461772 10631 208 -2702 10352 -2598 -285 1

19466772 10636 213 -2647 10851 -2541 -285 1

19471768 10642 217 -2590 11463 -2482 -285 1

19476768 10649 218 -2529 12164 -2420 -285 1

19481768 10655 219 -2466 12759 -2356 -285 1

19486768 10662 221 -2400 13103 -2290 -285 1

19491768 10669 193 -2331 13728 -2235 -188 1

19496768 10677 195 -2262 13908 -2164 -91 1

19501768 10685 229 -2191 14072 -2077 -91 1

19506772 10692 233 -2119 14593 -2002 -91 1

19511768 10700 236 -2043 15056 -1925 -91 1

19516772 10708 240 -1966 15465 -1846 -91 1

19521768 10717 243 -1887 15833 -1765 -91 1

19526772 10725 245 -1805 16324 -1683 -91 1

19531768 10734 245 -1721 16748 -1599 -91 1

19536768 10743 211 -1636 17104 -1530 -91 1

19541772 10752 213 -1550 17181 -1443 -91 1

19546768 10761 253 -1464 17259 -1337 -91 1

19551768 10771 255 -1376 17585 -1247 -91 1

19556768 10780 255 -1286 18033 -1156 -91 1

19561768 10790 255 -1193 18409 -1064 -91 1

19566772 10800 255 -1100 18725 -970 -91 1

19571768 10810 255 -1005 18990 -876 -91 1

19576768 10820 218 -909 19212 -800 -91 1

19581768 10830 218 -813 19157 -704 -91 1

19586768 10840 255 -718 19111 -588 -91 1

19591768 10851 255 -621 19314 -491 -91 1

19596772 10861 255 -524 19484 -393 -91 1

19601768 10871 255 -425 19788 -295 -91 1

19606772 10882 255 -324 20043 -197 -91 1

19611772 10893 251 -224 20096 -98 -91 1

19616776 10904 246 -123 20275 0 -91 1

19621772 10915 200 -21 20393 78 8 1

19626768 10925 195 79 20192 177 106 1

19631768 10936 232 179 19991 295 106 1

19636772 10947 229 279 19902 393 106 1

19641768 10958 224 379 19969 491 106 1

19646768 10968 219 479 19993 588 106 1

19651768 10979 214 578 19819 685 106 1

19656768 10990 208 677 19801 781 106 1

19661768 11001 163 776 19747 857 187 1

19666768 11011 159 872 19248 952 267 1

19671772 11021 194 967 18963 1064 364 1

19676768 11031 191 1061 18792 1156 459 1

19681772 11041 187 1154 18628 1247 553 1

19686772 11051 182 1246 18465 1337 644 1

19691768 11061 176 1338 18295 1426 732 1

19696768 11071 170 1428 18114 1513 817 1

19701768 11081 162 1518 17922 1599 898 1

19706772 11091 121 1605 17548 1666 959 1

19711772 11100 116 1691 17128 1749 1017 1

19716772 11109 144 1774 16581 1846 1089 1

19721768 11118 139 1856 16305 1925 1158 1

19726768 11127 133 1936 16041 2002 1225 1

19731772 11136 125 2015 15780 2077 1287 1

19736768 11144 117 2091 15348 2150 1346 1

19741768 11153 110 2166 14933 2221 1401 1

19746768 11161 73 2240 14700 2276 1437 1

19751768 11169 67 2309 13941 2343 1471 1

19756772 11176 88 2376 13426 2420 1515 1

19761768 11183 81 2441 12970 2482 1555 1

19766768 11190 74 2504 12541 2541 1592 1

19771772 11197 66 2565 12135 2598 1626 1

19776776 11203 57 2623 11743 2652 1654 1

19781768 11209 49 2679 11194 2704 1679 1

19786772 11215 40 2733 10681 2753 1698 1

19791768 11221 14 2783 10030 2790 1705 1

19796768 11227 7 2830 9476 2834 1709 1

19801768 11232 17 2874 8804 2883 1717 1

19806768 11236 9 2916 8305 2920 1722 1

19811772 11240 2 2954 7673 2955 1723 1

19816768 11244 -5 2990 7097 2987 1721 1

19821768 11248 -11 3022 6407 3016 1715 1

19826768 11250 -16 3051 5788 3042 1707 1

19831772 11253 -30 3076 5076 3061 1692 1

19836768 11255 -34 3099 4547 3082 1675 1

19841768 11257 -32 3118 3916 3102 1659 1

19846768 11258 -36 3135 3239 3116 1641 1

19851768 11260 -43 3149 2806 3127 1620 1

19856768 11260 -48 3159 2074 3135 1596 1

19861768 11261 -55 3167 1588 3140 1568 1

19866772 11261 -61 3172 974 3141 1538 1

19871768 11262 -70 3175 581 3140 1502 1

19876768 11262 -77 3175 30 3136 1464 1

19881768 11262 -87 3172 -476 3129 1420 1

19886768 11264 -99 3166 -1289 3116 1371 1

19891768 11265 -110 3157 -1728 3102 1316 1

19896768 11266 -119 3145 -2490 3085 1256 1

19901768 11268 -127 3129 -3188 3065 1193 1

19906768 11270 -135 3110 -3827 3042 1125 1

19911768 11272 -143 3088 -4414 3016 1054 1

19916768 11275 -139 3063 -4960 2993 984 1

19921772 11278 -145 3034 -5714 2962 912 1

19926768 11282 -166 3003 -6225 2920 829 1

19931768 11285 -173 2969 -6791 2883 743 1

19936768 11289 -180 2932 -7472 2842 653 1

19941772 11293 -184 2891 -8251 2799 561 1

19946772 11298 -189 2847 -8769 2752 466 1

19951768 11303 -192 2800 -9398 2704 370 1

19956768 11308 -195 2749 -10107 2652 273 1

19961772 11314 -175 2696 -10560 2609 185 1

19966768 11320 -178 2642 -10971 2553 96 1

19971772 11326 -206 2585 -11335 2482 96 1

19976768 11332 -211 2526 -11824 2420 96 1

19981772 11338 -215 2464 -12428 2356 96 1

19986772 11345 -220 2400 -12799 2290 96 1

19991772 11352 -224 2333 -13305 2221 96 1

19996768 11360 -229 2264 -13755 2150 96 1

20001768 11367 -202 2193 -14327 2092 96 1

20006772 11375 -205 2120 -14631 2017 96 1

20011768 11382 -240 2045 -14905 1925 96 1

20016772 11390 -244 1968 -15364 1846 96 1

20021768 11399 -248 1889 -15775 1765 96 1

20026768 11407 -252 1809 -16146 1683 96 1

20031768 11416 -255 1726 -16484 1599 96 1

20036772 11424 -255 1641 -16948 1513 96 1

20041768 11434 -255 1555 -17337 1426 96 1

20046772 11443 -221 1466 -17825 1355 96 1

20051768 11452 -222 1376 -17851 1265 96 1

20056772 11462 -255 1286 -18041 1156 96 1

20061772 11472 -255 1195 -18255 1064 96 1

20066768 11482 -255 1102 -18595 970 96 1

20071768 11491 -255 1007 -18881 876 96 1

20076768 11501 -255 912 -19121 781 96 1

20081772 11512 -255 815 -19322 685 96 1

20086772 11522 -221 718 -19491 608 96 1

20091768 11532 -221 621 -19411 510 96 1

20096768 11542 -255 523 -19504 393 96 1

20101772 11552 -255 425 -19644 295 96 1

20106768 11563 -255 325 -19922 197 96 1

20111772 11574 -255 225 -19994 98 96 1

20116772 11584 -251 125 -20055 0 96 1

20121768 11594 -246 24 -20241 -98 96 1

20126768 11605 -240 -77 -20365 -197 96 1

20131772 11616 -195 -178 -20268 -276 0 1

20136772 11626 -190 -278 -20054 -374 -95 1

20141768 11637 -227 -378 -19842 -491 -95 1

20146768 11648 -224 -476 -19745 -588 -95 1

20151768 11658 -220 -575 -19643 -685 -95 1

20156772 11668 -215 -673 -19693 -781 -95 1

20161768 11679 -209 -772 -19703 -876 -95 1

20166772 11689 -202 -869 -19510 -970 -95 1

20171772 11700 -196 -966 -19303 -1064 -193 1

20176768 11710 -153 -1061 -19090 -1138 -269 1

20181768 11720 -148 -1155 -18791 -1229 -343 1

20186768 11730 -181 -1247 -18347 -1337 -434 1

20191772 11740 -176 -1338 -18190 -1426 -522 1

20196768 11750 -170 -1428 -18025 -1513 -607 1

20201768 11760 -165 -1516 -17687 -1599 -689 1

20206768 11769 -158 -1604 -17531 -1683 -768 1

20211768 11779 -149 -1691 -17355 -1765 -842 1

20216772 11788 -109 -1776 -16987 -1830 -897 1

20221772 11797 -103 -1858 -16418 -1909 -948 1

20226772 11806 -129 -1937 -15901 -2002 -1013 1

20231772 11815 -123 -2016 -15636 -2077 -1075 1

20236772 11824 -117 -2092 -15214 -2150 -1133 1

20241768 11832 -110 -2166 -14820 -2221 -1188 1

20246772 11840 -102 -2239 -14606 -2290 -1239 1

20251772 11848 -93 -2310 -14212 -2356 -1285 1

20256768 11856 -84 -2378 -13662 -2420 -1327 1

20261768 11863 -50 -2445 -13303 -2470 -1353 1

20266768 11870 -43 -2508 -12618 -2529 -1374 1

20271772 11877 -60 -2568 -11998 -2598 -1404 1

20276772 11884 -54 -2625 -11427 -2652 -1432 1

20281768 11890 -47 -2680 -11070 -2704 -1455 1

20286768 11895 -41 -2732 -10403 -2753 -1475 1

20291772 11901 -33 -2782 -9965 -2799 -1492 1

20296768 11906 -25 -2830 -9545 -2842 -1504 1

20301768 11911 -2 -2874 -8818 -2875 -1505 1

20306772 11916 4 -2915 -8219 -2913 -1503 1

20311768 11920 -6 -2953 -7516 -2955 -1506 1

20316768 11924 0 -2988 -6991 -2987 -1506 1

20321772 11927 6 -3019 -6351 -3016 -1503 1

20326772 11930 13 -3049 -5935 -3042 -1497 1

20331772 11933 19 -3075 -5218 -3065 -1487 1

20336772 11935 27 -3099 -4739 -3085 -1474 1

20341772 11937 34 -3119 -4123 -3102 -1457 1

20346768 11938 45 -3136 -3399 -3114 -1434 1

20351772 11940 51 -3151 -2881 -3125 -1409 1

20356772 11941 54 -3162 -2247 -3135 -1381 1

20361768 11941 60 -3170 -1533 -3140 -1351 1

20366768 11941 66 -3174 -895 -3141 -1318 1

20371768 11941 72 -3176 -320 -3140 -1282 1

20376772 11941 80 -3175 200 -3135 -1242 1

20381768 11942 87 -3170 851 -3127 -1199 1

20386772 11943 89 -3163 1443 -3119 -1154 1

20391772 11944 96 -3154 1953 -3105 -1106 1

20396768 11946 110 -3141 2587 -3085 -1051 1

20401772 11947 120 -3125 3050 -3065 -991 1

20406768 11949 129 -3107 3665 -3042 -927 1

20411768 11952 139 -3086 4240 -3016 -857 1

20416772 11954 147 -3061 4948 -2987 -783 1

20421772 11957 157 -3034 5434 -2955 -705 1

20426772 11960 164 -3003 6229 -2920 -623 1

20431768 11964 157 -2969 6781 -2890 -544 1

20436768 11968 163 -2932 7360 -2850 -463 1

20441768 11972 188 -2893 7885 -2799 -369 1

20446768 11976 194 -2849 8649 -2752 -272 1

20451772 11981 200 -2803 9169 -2704 -172 1

20456768 11986 203 -2754 9967 -2652 -172 1

20461768 11992 207 -2701 10495 -2598 -172 1

20466768 11998 209 -2646 11125 -2541 -172 1

20471768 12004 187 -2587 11667 -2494 -79 1

20476768 12010 189 -2527 11978 -2433 15 1

20481768 12017 218 -2465 12413 -2356 15 1

20486772 12024 223 -2401 12807 -2290 15 1

20491768 12030 226 -2334 13492 -2221 15 1

20496768 12038 228 -2264 13925 -2150 15 1

20501768 12046 231 -2193 14302 -2077 15 1

20506768 12053 233 -2119 14799 -2002 15 1

20511768 12061 235 -2042 15229 -1925 15 1

20516768 12070 205 -1964 15603 -1862 15 1

20521768 12078 207 -1885 15883 -1782 15 1

20526768 12086 245 -1805 15969 -1683 15 1

20531768 12095 248 -1723 16450 -1599 15 1

20536768 12104 251 -1639 16874 -1513 15 1

20541768 12113 253 -1552 17249 -1426 15 1

20546772 12122 255 -1464 17577 -1337 15 1

20551772 12132 255 -1375 17865 -1247 15 1

20556768 12142 219 -1284 18268 -1174 15 1

20561768 12151 219 -1192 18372 -1082 15 1

20566772 12161 255 -1100 18458 -970 15 1

20571772 12171 255 -1006 18766 -876 15 1

20576768 12181 255 -911 19024 -781 15 1

20581768 12191 255 -814 19241 -685 15 1

20586768 12202 255 -717 19423 -588 15 1

20591768 12212 255 -619 19575 -491 15 1

20596768 12222 254 -520 19865 -393 15 1

20601772 12233 210 -420 20101 -315 15 1

20606768 12244 208 -320 19851 -216 15 1

20611768 12254 246 -221 19789 -98 15 1

20616768 12265 244 -121 19985 0 15 1

20621772 12276 242 -22 19976 98 15 1

20626772 12286 238 78 20116 197 15 1

20631768 12297 232 179 20207 295 15 1

20636768 12308 228 279 20084 393 15 1

20641768 12319 183 380 20115 471 106 1

20646772 12330 179 479 19848 569 196 1

20651768 12340 215 577 19597 685 196 1

20656768 12351 212 675 19461 781 196 1

20661772 12361 208 772 19488 876 196 1

20666772 12372 203 869 19323 970 196 1

20671772 12382 197 965 19314 1064 294 1

20676772 12392 191 1061 19105 1156 390 1

20681768 12403 184 1155 18891 1247 482 1

20686768 12413 140 1249 18827 1319 552 1

20691768 12423 134 1341 18325 1408 619 1

20696768 12433 165 1430 17865 1513 701 1

20701768 12442 162 1518 17520 1599 782 1

20706772 12452 158 1604 17210 1683 861 1

20711768 12461 152 1689 17086 1765 937 1

20716772 12470 146 1773 16781 1846 1010 1

20721772 12479 139 1856 16486 1925 1079 1

20726768 12488 100 1937 16192 1987 1130 1

20731772 12497 94 2015 15692 2062 1177 1

20736768 12505 119 2090 15072 2150 1236 1

20741768 12513 114 2164 14714 2221 1293 1

20746772 12521 107 2236 14381 2290 1347 1

20751772 12529 100 2306 14056 2356 1397 1

20756772 12536 92 2374 13577 2420 1443 1

20761768 12544 84 2440 13123 2482 1485 1

20766772 12550 74 2504 12850 2541 1522 1

20771768 12557 43 2565 12234 2587 1543 1

20776772 12564 36 2624 11675 2641 1561 1

20781768 12570 50 2679 11000 2704 1586 1

20786768 12576 43 2731 10525 2753 1608 1

20791772 12581 36 2781 9919 2799 1626 1

20796772 12586 27 2828 9526 2842 1639 1

20801772 12592 19 2873 8976 2883 1649 1

20806768 12597 10 2916 8463 2920 1653 1

20811772 12601 1 2955 7812 2955 1654 1

20816768 12605 -19 2991 7207 2981 1645 1

20821768 12608 -24 3023 6408 3011 1633 1

20826768 12611 -19 3052 5865 3042 1623 1

20831768 12613 -24 3078 5121 3065 1611 1

20836772 12616 -29 3100 4463 3085 1596 1

20841768 12617 -34 3119 3879 3102 1579 1

20846772 12619 -40 3136 3355 3116 1559 1

20851768 12620 -45 3150 2716 3127 1537 1

20856772 12621 -54 3160 2147 3134 1510 1

20861768 12621 -58 3168 1449 3139 1481 1

20866772 12621 -62 3172 838 3141 1450 1

20871772 12621 -68 3173 299 3140 1416 1

20876772 12621 -75 3172 -192 3135 1379 1

20881772 12622 -83 3168 -812 3127 1337 1

20886772 12623 -90 3161 -1384 3116 1292 1

20891768 12624 -99 3152 -1910 3102 1243 1

20896768 12625 -109 3140 -2410 3085 1188 1

20901768 12627 -110 3125 -3056 3070 1133 1

20906768 12629 -119 3107 -3604 3047 1074 1

20911768 12631 -139 3086 -4124 3016 1004 1

20916768 12633 -150 3063 -4690 2987 929 1

20921772 12636 -160 3036 -5398 2955 849 1

20926772 12639 -170 3005 -6057 2920 764 1

20931768 12643 -177 2971 -6837 2883 676 1

20936772 12647 -183 2933 -7537 2842 585 1

20941768 12651 -170 2893 -8164 2808 500 1

20946768 12656 -175 2849 -8605 2762 412 1

20951772 12661 -200 2804 -9169 2704 412 1

20956768 12666 -205 2755 -9806 2652 412 1

20961768 12671 -208 2702 -10534 2598 412 1

20966768 12677 -210 2646 -11164 2541 412 1

20971768 12683 -212 2588 -11706 2482 412 1

20976768 12690 -213 2527 -12174 2420 412 1

20981768 12697 -214 2463 -12735 2356 412 1

20986772 12704 -188 2397 -13212 2303 318 1

20991772 12711 -190 2330 -13442 2235 223 1

20996768 12718 -223 2262 -13649 2150 223 1

21001768 12726 -227 2191 -14199 2077 223 1

21006768 12733 -232 2118 -14525 2002 223 1

21011772 12741 -236 2043 -14993 1925 223 1

21016772 12749 -240 1966 -15411 1846 223 1

21021768 12758 -242 1886 -15950 1765 223 1

21026768 12766 -211 1805 -16254 1699 223 1

21031768 12775 -214 1723 -16467 1616 223 1

21036772 12784 -252 1639 -16666 1513 223 1

21041768 12793 -255 1555 -16920 1426 223 1

21046772 12802 -255 1467 -17475 1337 223 1

21051768 12811 -255 1378 -17780 1247 223 1

21056772 12821 -255 1288 -18035 1156 223 1

21061768 12830 -255 1196 -18411 1064 223 1

21066768 12840 -255 1102 -18726 970 223 1

21071768 12850 -225 1007 -18991 895 223 1

21076768 12860 -225 912 -19017 800 223 1

21081772 12870 -255 817 -19039 685 223 1

21086772 12880 -255 721 -19254 588 223 1

21091768 12890 -255 624 -19433 491 223 1

21096768 12901 -255 526 -19584 393 223 1

21101768 12911 -255 427 -19711 295 223 1

21106772 12921 -255 327 -19978 197 223 1

21111772 12932 -217 226 -20203 118 223 1

21116768 12943 -214 126 -19982 19 223 1

21121768 12953 -252 27 -19938 -98 223 1

21126768 12963 -249 -72 -19989 -197 223 1

21131768 12974 -244 -173 -20172 -295 223 1

21136768 12985 -239 -274 -20133 -393 223 1

21141768 12995 -232 -375 -20228 -491 223 1

21146768 13006 -224 -476 -20262 -588 223 1

21151768 13017 -217 -577 -20077 -685 223 1

21156768 13027 -170 -677 -20038 -762 138 1

21161772 13038 -164 -775 -19698 -857 57 1

21166768 13048 -198 -871 -19213 -970 -41 1

21171772 13059 -194 -966 -19027 -1064 -139 1

21176772 13069 -191 -1061 -18845 -1156 -234 1

21181768 13079 -186 -1154 -18673 -1247 -327 1

21186772 13089 -180 -1247 -18657 -1337 -417 1

21191772 13099 -172 -1340 -18444 -1426 -503 1

21196768 13109 -132 -1430 -18051 -1496 -569 1

21201768 13119 -127 -1518 -17622 -1582 -633 1

21206768 13128 -158 -1604 -17229 -1683 -711 1

21211772 13137 -153 -1689 -16940 -1765 -788 1

21216772 13147 -148 -1772 -16665 -1846 -862 1

21221772 13156 -140 -1855 -16563 -1925 -932 1

21226768 13165 -133 -1935 -16103 -2002 -999 1

21231768 13173 -125 -2015 -15832 -2077 -1061 1

21236768 13182 -115 -2092 -15552 -2150 -1119 1

21241768 13191 -78 -2168 -15091 -2207 -1158 1

21246772 13199 -72 -2240 -14463 -2276 -1194 1

21251768 13206 -93 -2310 -13897 -2356 -1240 1

21256772 13214 -85 -2377 -13558 -2420 -1283 1

21261768 13221 -78 -2443 -13061 -2482 -1322 1

21266768 13228 -71 -2506 -12598 -2541 -1357 1

21271768 13235 -63 -2567 -12164 -2598 -1389 1

21276768 13241 -53 -2625 -11747 -2652 -1415 1

21281772 13248 -25 -2681 -11171 -2694 -1428 1

21286768 13254 -19 -2734 -10505 -2743 -1437 1

21291768 13259 -31 -2783 -9907 -2799 -1452 1

21296772 13265 -25 -2830 -9322 -2842 -1465 1

21301772 13269 -18 -2874 -8792 -2883 -1474 1

21306768 13274 -12 -2915 -8141 -2920 -1480 1

21311772 13278 -6 -2952 -7555 -2955 -1483 1

21316772 13282 0 -2987 -7024 -2987 -1483 1

21321768 13285 7 -3020 -6539 -3016 -1479 1

21326768 13288 25 -3050 -5925 -3037 -1467 1

21331772 13291 30 -3076 -5293 -3061 -1452 1

21336768 13293 27 -3099 -4569 -3085 -1438 1

21341772 13295 33 -3119 -3980 -3102 -1421 1

21346772 13297 40 -3136 -3447 -3116 -1402 1

21351772 13298 46 -3150 -2793 -3127 -1379 1

21356768 13299 53 -3161 -2205 -3135 -1352 1

21361772 13299 58 -3169 -1505 -3140 -1323 1

21366772 13299 64 -3173 -884 -3141 -1291 1

21371768 13299 69 -3175 -324 -3140 -1256 1

21376768 13299 78 -3174 177 -3135 -1217 1

21381772 13300 85 -3170 819 -3127 -1175 1

21386772 13301 93 -3163 1403 -3116 -1128 1

21391768 13301 103 -3154 1784 -3102 -1077 1

21396768 13303 112 -3141 2491 -3085 -1021 1

21401768 13305 122 -3126 2983 -3065 -960 1

21406772 13307 132 -3108 3621 -3042 -894 1

21411772 13309 131 -3087 4223 -3022 -828 1

21416772 13311 139 -3063 4882 -2993 -759 1

21421768 13314 162 -3036 5326 -2955 -678 1

21426768 13317 170 -3005 6171 -2920 -593 1

21431768 13321 178 -2971 6772 -2883 -505 1

21436772 13325 184 -2934 7489 -2842 -413 1

21441768 13329 189 -2893 8130 -2799 -318 1

21446768 13333 193 -2849 8862 -2752 -221 1

21451768 13339 176 -2802 9502 -2714 -133 1

21456768 13344 179 -2752 9928 -2663 -44 1

21461772 13349 181 -2700 10467 -2609 46 1

21466772 13355 209 -2646 10771 -2541 46 1

21471772 13361 214 -2589 11370 -2482 46 1

21476768 13367 218 -2529 11905 -2420 46 1

21481768 13374 221 -2467 12541 -2356 46 1

21486768 13381 225 -2402 12934 -2290 46 1

21491768 13388 226 -2334 13612 -2221 46 1

21496768 13395 199 -2264 14026 -2164 145 1

21501772 13403 202 -2193 14197 -2092 145 1

21506768 13411 236 -2120 14522 -2002 145 1

21511768 13418 240 -2045 15016 -1925 145 1

21516768 13426 243 -1968 15457 -1846 145 1

0 12 -0.12 0.95

0 12 -0.12 0.90

0 12 -0.13 0.86

0 12 -0.13 0.81

0 12 -0.11 0.77

0 12 -0.12 0.74

0 12 -0.14 0.70

0 12 -0.15 0.66

0 12 -0.16 0.63

0 12 -0.17 0.60

0 12 -0.18 0.57

0 12 -0.19 0.54

0 12 -0.18 0.51

0 12 -0.19 0.49

0 12 -0.22 0.46

0 12 -0.24 0.44

0 12 -0.25 0.42

0 12 -0.26 0.40

0 12 -0.27 0.38

0 12 -0.29 0.36

0 12 -0.30 0.34

0 12 1.26 0.01

Motor stopped.

Wheels should be off the ground.

Type g <return> to run test, s <return> to stop.

Trial

Voltage 7.61 924

Gains 2000.00 0.00 0.00

Goal 0.00

Frequency -1.00

0 8 -0.00 0.50

0 8 -0.00 1.00

0 8 -0.00 1.00

0 8 -0.00 1.00

0 8 -0.00 1.00

0 8 -0.00 1.00

0 8 -0.00 1.00

0 8 -0.00 1.00

0 8 -0.00 1.00

Data

28524884 13957 1 2885 0 2885 387 1

28529884 13957 1 2885 6 2885 387 1

28534884 13957 1 2885 12 2885 388 1

28539884 13957 0 2885 16 2885 388 1

28544884 13957 0 2885 13 2885 388 1

28549884 13957 0 2885 11 2885 388 1

28554888 13957 0 2885 9 2885 388 1

28559884 13957 0 2885 8 2885 388 1

28564884 13957 0 2885 6 2885 388 1

28569884 13957 0 2885 5 2885 388 1

28574884 13957 0 2885 4 2885 388 1

28579888 13957 0 2885 4 2885 388 1

28584884 13957 0 2885 3 2885 388 1

28589884 13957 0 2885 2 2885 388 1

28594884 13957 0 2885 2 2885 387 1

28599884 13957 0 2885 2 2885 387 1

28604888 13957 0 2885 1 2885 387 1

28609888 13957 0 2885 1 2885 387 1

28614884 13957 0 2885 1 2885 387 1

28619884 13957 0 2885 1 2885 387 1

28624884 13957 0 2885 0 2885 386 1

28629884 13957 -255 2885 0 0 386 1

28634888 13957 -255 2877 -1663 0 386 1

28639884 13959 -255 2861 -3220 0 386 1

28644884 13961 -255 2836 -4850 0 386 1

28649888 13964 -255 2806 -6056 0 386 1

28654884 13967 -255 2769 -7391 0 386 1

28659884 13972 -255 2727 -8511 0 386 1

28664888 13977 -255 2678 -9773 0 386 1

28669884 13983 -255 2624 -10671 0 386 1

28674884 13989 -255 2567 -11586 0 386 1

28679884 13995 -255 2504 -12515 0 386 1

28684888 14003 -255 2437 -13295 0 386 1

28689884 14010 -255 2368 -13949 0 386 1

28694884 14017 -255 2294 -14660 0 386 1

28699888 14025 -255 2218 -15256 0 386 1

28704888 14034 -255 2139 -15756 0 386 1

28709884 14042 -255 2058 -16176 0 386 1

28714888 14051 -255 1975 -16689 0 386 1

28719884 14060 -255 1889 -17120 0 386 1

28724888 14069 -255 1802 -17482 0 386 1

28729896 14079 -255 1712 -17946 0 386 1

28734888 14089 -255 1621 -18175 0 386 1

28739888 14098 -255 1529 -18528 0 386 1

28744884 14108 -255 1435 -18825 0 386 1

28749888 14118 -255 1339 -19074 0 386 1

28754888 14128 -255 1243 -19282 0 386 1

28759884 14139 -255 1146 -19458 0 386 1

28764892 14149 -255 1047 -19766 0 386 1

28769884 14159 -255 947 -19863 0 386 1

28774888 14170 -255 847 -20106 0 386 1

28779884 14181 -255 746 -20149 0 386 1

28784888 14191 -255 644 -20346 0 386 1

28789884 14202 -255 542 -20511 0 386 1

28794892 14213 -255 439 -20489 0 386 1

28799884 14223 -255 336 -20631 0 386 1

28804884 14234 -255 232 -20751 0 386 1

28809884 14245 -255 128 -20851 0 386 1

28814884 14257 -46 23 -21096 0 363 1

28819884 14268 151 -75 -19777 0 439 1

28824888 14278 255 -161 -17224 0 439 1

28829884 14286 255 -232 -14241 0 439 1

28834884 14294 255 -290 -11416 0 439 1

28839888 14300 255 -334 -8883 0 439 1

28844888 14304 255 -367 -6597 0 439 1

28849884 14307 255 -389 -4356 0 439 1

28854884 14309 255 -400 -2153 0 439 1

28859884 14310 255 -402 -465 0 439 1

28864884 14311 255 -395 1434 0 439 1

28869888 14312 255 -380 3028 0 439 1

28874884 14314 255 -357 4527 0 439 1

28879884 14318 255 -327 5947 0 439 1

28884884 14321 255 -291 7299 0 439 1

28889884 14326 255 -249 8434 0 439 1

28894888 14330 255 -201 9547 0 439 1

28899884 14336 255 -148 10482 0 439 1

28904884 14342 183 -91 11427 0 530 1

28909884 14348 64 -32 11912 0 563 1

28914888 14355 -50 24 11381 0 538 1

28919888 14361 -151 75 10192 0 462 1

28924884 14366 -237 118 8535 0 462 1

28929884 14370 -255 149 6261 0 462 1

28934884 14373 -255 170 4074 0 462 1

28939888 14374 -255 179 1916 0 462 1

28944884 14375 -255 178 -216 0 462 1

28949884 14376 -255 168 -2006 0 462 1

28954888 14378 -255 151 -3508 0 462 1

28959884 14380 -251 125 -5091 0 462 1

28964884 14383 -189 94 -6233 0 368 1

28969888 14387 -118 58 -7109 0 309 1

28974884 14391 -44 21 -7380 0 287 1

28979884 14395 29 -14 -7286 0 302 1

28984884 14399 95 -47 -6570 0 349 1

28989884 14402 148 -74 -5377 0 423 1

28994884 14405 187 -93 -3869 0 517 1

28999888 14406 211 -105 -2349 0 517 1

29004884 14407 217 -108 -595 0 517 1

29009888 14408 204 -102 1238 0 517 1

29014888 14409 179 -89 2531 0 606 1

29019884 14411 143 -71 3614 0 678 1

29024884 14414 100 -49 4288 0 728 1

29029884 14416 53 -26 4735 0 754 1

29034888 14419 6 -3 4642 0 757 1

29039888 14422 -38 19 4418 0 738 1

29044884 14424 -77 38 3943 0 699 1

29049884 14426 -109 54 3129 0 645 1

29054884 14427 -130 64 2076 0 580 1

29059888 14427 -138 69 894 0 511 1

29064888 14427 -137 68 -149 0 442 1

29069884 14428 -127 63 -1019 0 379 1

29074888 14428 -108 54 -1845 0 325 1

29079884 14430 -83 41 -2575 0 283 1

29084888 14432 -52 26 -3025 0 257 1

29089884 14434 -20 10 -3200 0 247 1

29094884 14436 11 -5 -3138 0 253 1

29099884 14437 38 -19 -2723 0 272 1

29104884 14439 60 -30 -2198 0 302 1

29109884 14440 78 -39 -1776 0 341 1

29114884 14440 88 -43 -981 0 385 1

29119888 14440 90 -45 -249 0 430 1

29124884 14440 87 -43 377 0 473 1

29129888 14441 78 -38 884 0 512 1

29134888 14442 62 -31 1573 0 543 1

29139884 14443 43 -21 1886 0 565 1

29144884 14444 23 -11 2024 0 576 1

29149888 14446 3 -1 2010 0 578 1

29154888 14446 -16 7 1867 0 570 1

29159884 14448 -34 16 1785 0 553 1

29164884 14448 -46 23 1276 0 530 1

29169884 14449 -56 27 932 0 502 1

29174884 14449 -60 29 417 0 472 1

29179888 14450 -58 28 -202 0 443 1

29184888 14450 -52 26 -548 0 416 1

29189884 14451 -43 21 -960 0 395 1

29194884 14452 -30 15 -1247 0 380 1

29199884 14452 -18 8 -1243 0 371 1

29204884 14453 -5 2 -1321 0 369 1

29209884 14454 8 -4 -1303 0 373 1

29214884 14454 19 -9 -1041 0 382 1

29219888 14455 28 -13 -911 0 396 1

29224884 14455 34 -16 -581 0 413 1

29229888 14455 36 -18 -266 0 431 1

29234888 14455 36 -18 11 0 449 1

29239888 14456 32 -16 405 0 465 1

29244884 14456 27 -13 549 0 478 1

29249884 14456 20 -10 636 0 488 1

29254884 14457 12 -6 826 0 494 1

29259888 14457 4 -2 771 0 497 1

29264884 14458 -4 2 834 0 495 1

29269888 14458 -11 5 674 0 489 1

29274888 14458 -16 7 494 0 481 1

29279888 14458 -19 9 310 0 472 1

29284888 14458 -20 10 136 0 462 1

29289884 14458 -20 10 -15 0 452 1

29294888 14458 -19 9 -143 0 442 1

29299884 14459 -15 7 -405 0 435 1

29304888 14459 -10 5 -438 0 430 1

29309884 14459 -6 2 -433 0 427 1

29314888 14460 -2 0 -402 0 426 1

29319884 14460 3 -1 -512 0 428 1

29324884 14460 7 -3 -410 0 432 1

29329884 14460 10 -5 -298 0 437 1

29334888 14460 12 -6 -185 0 443 1

29339884 14460 13 -6 -77 0 449 1

29344884 14460 13 -6 19 0 456 1

29349884 14460 12 -5 101 0 462 1

29354888 14460 10 -5 163 0 467 1

29359888 14460 8 -4 202 0 471 1

29364888 14460 6 -2 222 0 474 1

29369884 14460 4 -1 225 0 476 1

29374884 14460 2 0 215 0 476 1

29379884 14460 0 0 193 0 476 1

29384884 14460 -2 1 162 0 475 1

29389884 14460 -3 1 123 0 474 1

29394888 14460 -4 2 84 0 472 1

29399884 14460 -5 2 44 0 469 1

29404884 14460 -5 2 4 0 467 1

29409884 14460 -4 2 -28 0 465 1

29414888 14460 -4 1 -50 0 463 1

29419884 14460 -3 1 -68 0 461 1

29424888 14460 -2 1 -76 0 460 1

29429884 14460 -2 0 -77 0 459 1

29434884 14460 -1 0 -78 0 459 1

29439884 14460 0 0 -72 0 459 1

29444884 14460 1 0 -60 0 459 1

29449884 14460 1 0 -44 0 460 1

29454884 14460 1 0 -30 0 460 1

29459888 14460 1 0 -19 0 461 1

29464884 14460 2 0 -9 0 462 1

29469884 14460 1 0 5 0 462 1

29474884 14460 1 0 10 0 463 1

29479884 14460 1 0 15 0 464 1

29484884 14460 1 0 19 0 464 1

29489884 14460 1 0 22 0 465 1

29494884 14460 1 0 25 0 465 1

29499884 14460 0 0 28 0 465 1

29504884 14460 0 0 23 0 465 1

29509888 14460 0 0 19 0 465 1

29514888 14460 0 0 16 0 465 1

29519884 14460 0 0 13 0 465 1

29524884 14460 -1 0 11 0 464 1

29529884 14460 -1 0 3 0 464 1

29534884 14460 -1 0 -3 0 464 1

29539888 14460 0 0 -9 0 463 1

29544884 14460 0 0 -8 0 463 1

29549888 14460 0 0 -6 0 463 1

29554884 14460 0 0 -5 0 463 1

29559884 14460 0 0 -4 0 463 1

29564888 14460 0 0 -4 0 463 1

29569884 14460 0 0 -3 0 463 1

29574884 14460 0 0 -2 0 462 1

29579884 14460 0 0 -2 0 462 1

29584888 14460 0 0 -1 0 462 1

29589884 14460 0 0 -1 0 462 1

29594884 14460 0 0 -1 0 462 1

29599884 14460 0 0 -1 0 462 1

29604884 14460 0 0 0 0 462 1

29609888 14460 0 0 0 0 462 1

29614884 14460 0 0 0 0 462 1

29619884 14460 0 0 0 0 462 1

29624888 14460 0 0 0 0 462 1

29629884 14460 0 0 0 0 462 1

29634888 14460 0 0 0 0 462 1

29639884 14460 0 0 0 0 462 1

29644888 14460 0 0 0 0 462 1

29649884 14460 0 0 0 0 462 1

29654884 14460 0 0 0 0 462 1

29659888 14460 0 0 0 0 462 1

29664884 14460 0 0 0 0 462 1

29669884 14460 0 0 0 0 462 1

29674888 14460 0 0 0 0 462 1

29679888 14460 0 0 0 0 462 1

29684884 14460 0 0 0 0 462 1

29689888 14460 0 0 0 0 462 1

29694884 14460 0 0 0 0 462 1

29699884 14460 0 0 0 0 462 1

29704888 14460 0 0 0 0 462 1

29709884 14460 0 0 0 0 462 1

29714884 14460 0 0 0 0 462 1

29719888 14460 0 0 0 0 462 1

29724888 14460 0 0 0 0 462 1

29729884 14460 0 0 0 0 462 1

29734884 14460 0 0 0 0 462 1

29739884 14460 0 0 0 0 462 1

29744888 14460 0 0 0 0 462 1

29749884 14460 0 0 0 0 462 1

29754884 14460 0 0 0 0 462 1

29759884 14460 0 0 0 0 462 1

29764884 14460 0 0 0 0 462 1

29769884 14460 0 0 0 0 462 1

29774888 14460 0 0 0 0 462 1

29779884 14460 0 0 0 0 462 1

29784884 14460 0 0 0 0 462 1

29789884 14460 0 0 0 0 462 1

29794884 14460 0 0 0 0 462 1

29799888 14460 0 0 0 0 462 1

29804884 14460 0 0 0 0 462 1

29809888 14460 0 0 0 0 462 1

29814888 14460 0 0 0 0 462 1

29819884 14460 0 0 0 0 462 1

29824888 14460 0 0 0 0 462 1

29829884 14460 0 0 0 0 462 1

29834884 14460 0 0 0 0 462 1

29839888 14460 0 0 0 0 462 1

29844884 14460 0 0 0 0 462 1

29849888 14460 0 0 0 0 462 1

29854888 14460 0 0 0 0 462 1

29859884 14460 0 0 0 0 462 1

29864884 14460 0 0 0 0 462 1

29869888 14460 0 0 0 0 462 1

29874884 14460 0 0 0 0 462 1

29879884 14460 0 0 0 0 462 1

29884884 14460 0 0 0 0 462 1

29889884 14460 0 0 0 0 462 1

29894884 14460 0 0 0 0 462 1

29899884 14460 0 0 0 0 462 1

29904884 14460 0 0 0 0 462 1

29909884 14460 0 0 0 0 462 1

29914888 14460 0 0 0 0 462 1

29919888 14460 0 0 0 0 462 1

29924884 14460 0 0 0 0 462 1

29929884 14460 0 0 0 0 462 1

29934884 14460 0 0 0 0 462 1

29939884 14460 0 0 0 0 462 1

29944884 14460 0 0 0 0 462 1

29949884 14460 0 0 0 0 462 1

29954884 14460 0 0 0 0 462 1

29959888 14460 0 0 0 0 462 1

29964888 14460 0 0 0 0 462 1

29969888 14460 0 0 0 0 462 1

29974888 14460 0 0 0 0 462 1

29979884 14460 0 0 0 0 462 1

29984884 14460 0 0 0 0 462 1

29989884 14460 0 0 0 0 462 1

29994884 14460 0 0 0 0 462 1

29999884 14460 0 0 0 0 462 1

30004884 14460 0 0 0 0 462 1

30009884 14460 0 0 0 0 462 1

30014884 14460 0 0 0 0 462 1

30019884 14460 0 0 0 0 462 1

30024884 14460 0 0 0 0 462 1

30029884 14460 0 0 0 0 462 1

30034884 14460 0 0 0 0 462 1

30039884 14460 0 0 0 0 462 1

30044888 14460 0 0 0 0 462 1

30049884 14460 0 0 0 0 462 1

30054884 14460 0 0 0 0 462 1

30059884 14460 0 0 0 0 462 1

30064888 14460 0 0 0 0 462 1

30069884 14460 0 0 0 0 462 1

30074884 14460 0 0 0 0 462 1

30079888 14460 0 0 0 0 462 1

30084884 14460 0 0 0 0 462 1

30089888 14460 0 0 0 0 462 1

30094888 14460 0 0 0 0 462 1

30099884 14460 0 0 0 0 462 1

30104884 14460 0 0 0 0 463 1

30109884 14460 0 0 0 0 463 1

30114884 14460 0 0 0 0 463 1

30119884 14460 0 0 0 0 463 1

30124884 14460 0 0 0 0 463 1

30129884 14460 0 0 0 0 463 1

30134884 14460 0 0 0 0 463 1

30139884 14460 0 0 0 0 463 1

30144884 14460 0 0 0 0 463 1

30149888 14460 0 0 0 0 463 1

30154884 14460 0 0 0 0 463 1

30159884 14460 0 0 0 0 463 1

30164884 14460 0 0 0 0 463 1

30169884 14460 0 0 0 0 463 1

30174884 14460 0 0 0 0 463 1

30179884 14460 0 0 0 0 463 1

30184884 14460 0 0 0 0 463 1

30189888 14460 0 0 0 0 463 1

30194884 14460 0 0 0 0 463 1

30199884 14460 0 0 0 0 463 1

30204884 14460 0 0 0 0 463 1

30209888 14460 0 0 0 0 463 1

30214888 14460 0 0 0 0 463 1

30219888 14460 0 0 0 0 463 1

30224884 14460 0 0 0 0 463 1

30229888 14460 0 0 0 0 463 1

30234888 14460 0 0 0 0 463 1

30239884 14460 0 0 0 0 463 1

30244888 14460 0 0 0 0 463 1

30249888 14460 0 0 0 0 463 1

30254884 14460 0 0 0 0 463 1

30259884 14460 0 0 0 0 463 1

30264888 14460 0 0 0 0 463 1

30269884 14460 0 0 0 0 463 1

30274888 14460 0 0 0 0 463 1

30279888 14460 0 0 0 0 463 1

30284884 14460 0 0 0 0 463 1

30289888 14460 0 0 0 0 463 1

30294884 14460 0 0 0 0 463 1

30299888 14460 0 0 0 0 463 1

30304884 14460 0 0 0 0 463 1

30309888 14460 0 0 0 0 463 1

30314884 14460 0 0 0 0 463 1

30319884 14460 0 0 0 0 463 1

30324888 14460 0 0 0 0 463 1

30329884 14460 0 0 0 0 463 1

30334888 14460 0 0 0 0 463 1

30339888 14460 0 0 0 0 463 1

30344884 14460 0 0 0 0 463 1

30349888 14460 0 0 0 0 463 1

30354884 14460 0 0 0 0 463 1

30359884 14460 0 0 0 0 463 1

30364884 14460 0 0 0 0 463 1

30369884 14460 0 0 0 0 463 1

30374888 14460 0 0 0 0 463 1

30379884 14460 0 0 0 0 463 1

30384888 14460 0 0 0 0 463 1

30389884 14460 0 0 0 0 463 1

30394888 14460 0 0 0 0 463 1

30399888 14460 0 0 0 0 463 1

30404888 14460 0 0 0 0 463 1

30409884 14460 0 0 0 0 463 1

30414884 14460 0 0 0 0 463 1

30419884 14460 0 0 0 0 463 1

30424888 14460 0 0 0 0 463 1

30429884 14460 0 0 0 0 463 1

30434888 14460 0 0 0 0 463 1

30439888 14460 0 0 0 0 463 1

30444884 14460 0 0 0 0 463 1

30449888 14460 0 0 0 0 463 1

30454884 14460 0 0 0 0 463 1

30459884 14460 0 0 0 0 463 1

30464884 14460 0 0 0 0 463 1

30469884 14460 0 0 0 0 463 1

30474888 14460 0 0 0 0 463 1

30479888 14460 0 0 0 0 463 1

30484884 14460 0 0 0 0 463 1

30489888 14460 0 0 0 0 463 1

30494888 14460 0 0 0 0 463 1

30499884 14460 0 0 0 0 463 1

30504884 14460 0 0 0 0 463 1

30509888 14460 0 0 0 0 463 1

30514884 14460 0 0 0 0 463 1

30519888 14460 0 0 0 0 463 1

30524884 14460 0 0 0 0 463 1

0 12 -0.00 0.95

0 12 -0.00 0.90

0 12 -0.00 0.86

0 12 -0.00 0.81

0 12 -0.00 0.77

0 12 -0.00 0.01

Motor stopped.

Wheels should be off the ground.

Type g <return> to run test, s <return> to stop.

Stop!

